    Time	  Event	 Count	  SERVICE[ID[7]]	   SYSTEM[ID[7]]	        RATIO[0]	          RATIO[3] 
    0.000	   INIT	     1 	  0.444 	   4.58 	      0 	      0 
    0.038	    ARR	     1 	  0.444 	 0.0381 	      0 	      0 
    0.038	 TOPPING	     1 	 0.0381 	 0.0381 	      0 	      0 
    1.690	   COOK	     1 	   1.65 	 0.0381 	      0 	      0 
    1.900	    ARR	     2 	   1.65 	 0.0381 	      0 	      0 
    1.900	 TOPPING	     2 	   1.65 	 0.0381 	      0 	      0 
    3.855	   COOK	     2 	   1.65 	 0.0381 	      0 	      0 
    4.792	    ARR	     3 	   1.65 	 0.0381 	      0 	      0 
    4.792	 TOPPING	     3 	   1.65 	 0.0381 	      0 	      0 
    5.345	   COOK	     3 	   1.65 	 0.0381 	      0 	      0 
    7.279	    ARR	     4 	   1.65 	 0.0381 	      0 	      0 
    7.279	 TOPPING	     4 	   1.65 	 0.0381 	      0 	      0 
    7.337	  READY	     1 	   1.65 	 0.0381 	      0 	      0 
    7.337	 FINISH	     1 	   1.65 	 0.0381 	      0 	      0 
    8.104	  READY	     2 	   1.65 	 0.0381 	      0 	      0 
    8.401	 DELIVER	     1 	   1.65 	   8.36 	      0 	      0 
    8.401	 FINISH	     2 	   1.65 	   8.36 	      0 	      0 
   10.200	   COOK	     4 	   1.65 	   8.36 	      0 	      0 
   10.550	 DELIVER	     2 	   1.96 	   8.65 	      0 	      0 
   11.032	  READY	     3 	   1.96 	   8.65 	      0 	      0 
   11.032	 FINISH	     3 	   1.96 	   8.65 	      0 	      0 
   11.426	 DELIVER	     3 	  0.553 	   6.63 	      0 	      0 
   12.955	    ARR	     5 	  0.553 	   6.63 	      0 	      0 
   12.955	 TOPPING	     5 	  0.553 	   6.63 	      0 	      0 
   15.086	   COOK	     5 	  0.553 	   6.63 	      0 	      0 
   15.861	  READY	     4 	  0.553 	   6.63 	      0 	      0 
   15.861	 FINISH	     4 	  0.553 	   6.63 	      0 	      0 
   16.246	 DELIVER	     4 	   2.92 	   8.97 	      0 	      0 
   17.459	    ARR	     6 	   2.92 	   8.97 	      0 	      0 
   17.459	 TOPPING	     6 	   2.92 	   8.97 	      0 	      0 
   18.703	   COOK	     6 	   2.92 	   8.97 	      0 	      0 
   19.203	  READY	     5 	   2.92 	   8.97 	      0 	      0 
   19.203	 FINISH	     5 	   2.92 	   8.97 	      0 	      0 
   19.792	    ARR	     7 	   2.92 	   8.97 	      0 	      0 
   19.792	 TOPPING	     7 	   2.92 	   8.97 	      0 	      0 
   20.749	 DELIVER	     5 	   2.13 	   7.79 	      0 	      0 
   21.381	    ARR	     8 	   2.13 	   7.79 	      0 	      0 
   21.381	 TOPPING	     8 	   2.13 	   7.79 	      0 	      0 
   22.098	   COOK	     7 	   2.13 	   7.79 	      0 	      0 
   22.388	   COOK	     8 	   2.13 	   7.79 	      0 	      0 
   24.513	  READY	     6 	   2.13 	   7.79 	      0 	      0 
   24.513	 FINISH	     6 	   2.13 	   7.79 	      0 	      0 
   25.498	  READY	     7 	   2.13 	   7.79 	      0 	      0 
   25.529	 DELIVER	     6 	   1.24 	   8.07 	      0 	      0 
   25.529	 FINISH	     7 	   1.24 	   8.07 	      0 	      0 
   26.016	    ARR	     9 	   1.24 	   8.07 	      0 	      0 
   26.016	 TOPPING	     9 	   1.24 	   8.07 	      0 	      0 
   26.067	    ARR	    10 	   1.24 	   8.07 	      0 	      0 
   26.067	 TOPPING	    10 	   1.24 	   8.07 	      0 	      0 
   27.284	  READY	     8 	   1.24 	   8.07 	      0 	      0 
   27.299	   COOK	     9 	   1.24 	   8.07 	      0 	      0 
   28.059	 DELIVER	     7 	  0.717 	   6.68 	      0 	      0 
   28.059	 FINISH	     8 	  0.717 	   6.68 	      0 	      0 
   28.138	   COOK	    10 	  0.717 	   6.68 	      0 	      0 
   29.465	    ARR	    11 	  0.717 	   6.68 	      0 	      0 
   29.465	 TOPPING	    11 	  0.717 	   6.68 	      0 	      0 
   30.327	 DELIVER	     8 	    2.6 	   10.5 	      0 	      0 
   30.872	  READY	     9 	    2.6 	   10.5 	      0 	      0 
   30.872	 FINISH	     9 	    2.6 	   10.5 	      0 	      0 
   30.914	   COOK	    11 	    2.6 	   10.5 	      0 	      0 
   30.965	 DELIVER	     9 	   1.28 	   4.95 	      0 	      0 
   30.985	    ARR	    12 	   1.28 	   4.95 	      0 	      0 
   30.985	 TOPPING	    12 	   1.28 	   4.95 	      0 	      0 
   31.474	    ARR	    13 	   1.28 	   4.95 	      0 	      0 
   31.474	 TOPPING	    13 	   1.28 	   4.95 	      0 	      0 
   32.346	   COOK	    12 	   1.28 	   4.95 	      0 	      0 
   32.434	   COOK	    13 	   1.28 	   4.95 	      0 	      0 
   33.153	  READY	    10 	   1.28 	   4.95 	      0 	      0 
   33.153	 FINISH	    10 	   1.28 	   4.95 	      0 	      0 
   33.177	 DELIVER	    10 	   2.07 	   7.11 	      0 	      0 
   36.123	  READY	    11 	   2.07 	   7.11 	      0 	      0 
   36.123	 FINISH	    11 	   2.07 	   7.11 	      0 	      0 
   36.502	 DELIVER	    11 	   1.45 	   5.52 	      0 	      0 
   36.681	  READY	    12 	   1.45 	   5.52 	      0 	      0 
   36.681	 FINISH	    12 	   1.45 	   5.52 	      0 	      0 
   36.790	  READY	    13 	   1.45 	   5.52 	      0 	      0 
   36.838	 DELIVER	    12 	   1.45 	   7.37 	      0 	      0 
   36.838	 FINISH	    13 	   1.45 	   7.37 	      0 	      0 
   38.608	 DELIVER	    13 	  0.872 	   7.13 	      0 	      0 
   39.837	    ARR	    14 	  0.872 	   7.13 	      0 	      0 
   39.837	 TOPPING	    14 	  0.872 	   7.13 	      0 	      0 
   42.637	   COOK	    14 	  0.872 	   7.13 	      0 	      0 
   47.683	  READY	    14 	  0.872 	   7.13 	      0 	      0 
   47.683	 FINISH	    14 	  0.872 	   7.13 	      0 	      0 
   49.607	 DELIVER	    14 	    2.8 	   9.77 	      0 	      0 
   51.242	    ARR	    15 	    2.8 	   9.77 	      0 	      0 
   51.242	 TOPPING	    15 	    2.8 	   9.77 	      0 	      0 
   51.366	    ARR	    16 	    2.8 	   9.77 	      0 	      0 
   51.366	 TOPPING	    16 	    2.8 	   9.77 	      0 	      0 
   52.232	   COOK	    15 	    2.8 	   9.77 	      0 	      0 
   52.268	    ARR	    17 	    2.8 	   9.77 	      0 	      0 
   52.268	 TOPPING	    17 	    2.8 	   9.77 	      0 	      0 
   52.584	    ARR	    18 	    2.8 	   9.77 	      0 	      0 
   52.584	 TOPPING	    18 	    2.8 	   9.77 	      0 	      0 
   53.375	   COOK	    16 	    2.8 	   9.77 	      0 	      0 
   53.491	    ARR	    19 	    2.8 	   9.77 	      0 	      0 
   53.491	 TOPPING	    19 	    2.8 	   9.77 	      0 	      0 
   53.829	   COOK	    17 	    2.8 	   9.77 	      0 	      0 
   54.162	    ARR	    20 	    2.8 	   9.77 	      0 	      0 
   54.162	 TOPPING	    20 	    2.8 	   9.77 	      0 	      0 
   54.359	    ARR	    21 	    2.8 	   9.77 	      0 	      0 
   54.511	    ARR	    22 	    2.8 	   9.77 	      0 	      0 
   54.812	   COOK	    18 	    2.8 	   9.77 	      0 	      0 
   54.812	 TOPPING	    21 	    2.8 	   9.77 	      0 	      0 
   55.627	   COOK	    19 	    2.8 	   9.77 	      0 	      0 
   55.627	 TOPPING	    22 	    2.8 	   9.77 	      0 	      0 
   56.029	   COOK	    20 	    2.8 	   9.77 	      0 	      0 
   56.459	   COOK	    21 	    2.8 	   9.77 	      0 	      0 
   56.483	  READY	    15 	    2.8 	   9.77 	      0 	      0 
   56.483	 FINISH	    15 	    2.8 	   9.77 	      0 	      0 
   57.237	    ARR	    23 	    2.8 	   9.77 	      0 	      0 
   57.237	 TOPPING	    23 	    2.8 	   9.77 	      0 	      0 
   57.679	    ARR	    24 	    2.8 	   9.77 	      0 	      0 
   57.679	 TOPPING	    24 	    2.8 	   9.77 	      0 	      0 
   57.822	 DELIVER	    15 	  0.791 	   5.24 	      0 	      0 
   57.903	  READY	    16 	  0.791 	   5.24 	      0 	      0 
   57.903	 FINISH	    16 	  0.791 	   5.24 	      0 	      0 
   58.004	   COOK	    22 	  0.791 	   5.24 	      0 	      0 
   58.071	   COOK	    23 	  0.791 	   5.24 	      0 	      0 
   58.469	   COOK	    24 	  0.791 	   5.24 	      0 	      0 
   58.680	 DELIVER	    16 	   0.99 	   7.44 	      0 	      0 
   58.874	  READY	    17 	   0.99 	   7.44 	      0 	      0 
   58.874	 FINISH	    17 	   0.99 	   7.44 	      0 	      0 
   58.947	  READY	    18 	   0.99 	   7.44 	      0 	      0 
   59.615	  READY	    19 	   0.99 	   7.44 	      0 	      0 
   59.691	 DELIVER	    17 	   2.54 	   7.42 	      0 	      0 
   59.691	 FINISH	    18 	   2.54 	   7.42 	      0 	      0 
   59.773	 DELIVER	    18 	  0.791 	   54.5 	      0 	      0 
   59.773	 FINISH	    19 	  0.791 	   54.5 	      0 	      0 
   60.057	    ARR	    25 	  0.791 	   54.5 	      0 	      0 
   60.057	 TOPPING	    25 	  0.791 	   54.5 	      0 	      0 
   60.177	 DELIVER	    19 	   2.14 	   6.69 	      0 	      0 
   60.652	  READY	    20 	   2.14 	   6.69 	      0 	      0 
   60.652	 FINISH	    20 	   2.14 	   6.69 	      0 	      0 
   60.892	    ARR	    26 	   2.14 	   6.69 	      0 	      0 
   60.892	 TOPPING	    26 	   2.14 	   6.69 	      0 	      0 
   61.012	  READY	    21 	   2.14 	   6.69 	      0 	      0 
   61.101	 DELIVER	    20 	    2.3 	   6.94 	      0 	      0 
   61.101	 FINISH	    21 	    2.3 	   6.94 	      0 	      0 
   61.188	    ARR	    27 	    2.3 	   6.94 	      0 	      0 
   61.188	 TOPPING	    27 	    2.3 	   6.94 	      0 	      0 
   61.706	    ARR	    28 	    2.3 	   6.94 	      0 	      0 
   61.731	    ARR	    29 	    2.3 	   6.94 	      0 	      0 
   61.761	  READY	    22 	    2.3 	   6.94 	      0 	      0 
   62.026	    ARR	    30 	    2.3 	   6.94 	      0 	      0 
   62.118	 DELIVER	    21 	   1.22 	   7.76 	      0 	      0 
   62.118	 FINISH	    22 	   1.22 	   7.76 	      0 	      0 
   62.611	 DELIVER	    22 	  0.789 	   4.93 	      0 	      0 
   62.806	  READY	    23 	  0.789 	   4.93 	      0 	      0 
   62.806	 FINISH	    23 	  0.789 	   4.93 	      0 	      0 
   62.962	   COOK	    25 	  0.789 	   4.93 	      0 	      0 
   62.962	 TOPPING	    28 	  0.789 	   4.93 	      0 	      0 
   63.377	   COOK	    26 	  0.789 	   4.93 	      0 	      0 
   63.377	 TOPPING	    29 	  0.789 	   4.93 	      0 	      0 
   63.568	 DELIVER	    23 	  0.767 	   6.33 	      0 	      0 
   63.727	    ARR	    31 	  0.767 	   6.33 	      0 	      0 
   63.744	   COOK	    27 	  0.767 	   6.33 	      0 	      0 
   63.744	 TOPPING	    30 	  0.767 	   6.33 	      0 	      0 
   63.843	  READY	    24 	  0.767 	   6.33 	      0 	      0 
   63.843	 FINISH	    24 	  0.767 	   6.33 	      0 	      0 
   64.286	   COOK	    28 	  0.767 	   6.33 	      0 	      0 
   64.286	 TOPPING	    31 	  0.767 	   6.33 	      0 	      0 
   64.486	   COOK	    29 	  0.767 	   6.33 	      0 	      0 
   64.905	 DELIVER	    24 	   2.44 	   10.4 	      0 	      0 
   65.192	    ARR	    32 	   2.44 	   10.4 	      0 	      0 
   65.192	 TOPPING	    32 	   2.44 	   10.4 	      0 	      0 
   65.959	   COOK	    30 	   2.44 	   10.4 	      0 	      0 
   66.284	   COOK	    31 	   2.44 	   10.4 	      0 	      0 
   66.641	  READY	    25 	   2.44 	   10.4 	      0 	      0 
   66.641	 FINISH	    25 	   2.44 	   10.4 	      0 	      0 
   66.680	    ARR	    33 	   2.44 	   10.4 	      0 	      0 
   66.680	 TOPPING	    33 	   2.44 	   10.4 	      0 	      0 
   67.190	   COOK	    32 	   2.44 	   10.4 	      0 	      0 
   67.707	    ARR	    34 	   2.44 	   10.4 	      0 	      0 
   67.707	 TOPPING	    34 	   2.44 	   10.4 	      0 	      0 
   67.739	  READY	    26 	   2.44 	   10.4 	      0 	      0 
   68.575	 DELIVER	    25 	    2.9 	   8.52 	      0 	      0 
   68.575	 FINISH	    26 	    2.9 	   8.52 	      0 	      0 
   68.684	  READY	    27 	    2.9 	   8.52 	      0 	      0 
   68.721	   COOK	    33 	    2.9 	   8.52 	      0 	      0 
   68.825	  READY	    28 	    2.9 	   8.52 	      0 	      0 
   69.180	    ARR	    35 	    2.9 	   8.52 	      0 	      0 
   69.180	 TOPPING	    35 	    2.9 	   8.52 	      0 	      0 
   69.305	  READY	    29 	    2.9 	   8.52 	      0 	      0 
   69.385	 DELIVER	    26 	   2.48 	   8.49 	      0 	      0 
   69.385	 FINISH	    27 	   2.48 	   8.49 	      0 	      0 
   69.434	    ARR	    36 	   2.48 	   8.49 	      0 	      0 
   69.434	 TOPPING	    36 	   2.48 	   8.49 	      0 	      0 
   70.565	   COOK	    34 	   2.48 	   8.49 	      0 	      0 
   70.657	 DELIVER	    27 	   2.56 	   9.47 	      0 	      0 
   70.657	 FINISH	    28 	   2.56 	   9.47 	      0 	      0 
   70.673	    ARR	    37 	   2.56 	   9.47 	      0 	      0 
   70.673	 TOPPING	    37 	   2.56 	   9.47 	      0 	      0 
   70.687	  READY	    30 	   2.56 	   9.47 	      0 	      0 
   70.820	   COOK	    35 	   2.56 	   9.47 	      0 	      0 
   71.001	    ARR	    38 	   2.56 	   9.47 	      0 	      0 
   71.001	 TOPPING	    38 	   2.56 	   9.47 	      0 	      0 
   71.375	  READY	    31 	   2.56 	   9.47 	      0 	      0 
   71.590	  READY	    32 	   2.56 	   9.47 	      0 	      0 
   71.817	    ARR	    39 	   2.56 	   9.47 	      0 	      0 
   71.832	    ARR	    40 	   2.56 	   9.47 	      0 	      0 
   71.933	   COOK	    36 	   2.56 	   9.47 	      0 	      0 
   71.933	 TOPPING	    39 	   2.56 	   9.47 	      0 	      0 
   71.999	    ARR	    41 	   2.56 	   9.47 	      0 	      0 
   72.457	 DELIVER	    28 	      3 	   10.8 	      0 	      0 
   72.457	 FINISH	    29 	      3 	   10.8 	      0 	      0 
   72.468	 DELIVER	    29 	  0.909 	   10.7 	      0 	      0 
   72.468	 FINISH	    30 	  0.909 	   10.7 	      0 	      0 
   72.517	   COOK	    37 	  0.909 	   10.7 	      0 	      0 
   72.517	 TOPPING	    40 	  0.909 	   10.7 	      0 	      0 
   72.523	    ARR	    42 	  0.909 	   10.7 	      0 	      0 
   72.542	    ARR	    43 	  0.909 	   10.7 	      0 	      0 
   73.289	   COOK	    38 	  0.909 	   10.7 	      0 	      0 
   73.289	 TOPPING	    41 	  0.909 	   10.7 	      0 	      0 
   73.838	 DELIVER	    30 	  0.743 	   11.8 	      0 	      0 
   73.838	 FINISH	    31 	  0.743 	   11.8 	      0 	      0 
   74.341	  READY	    33 	  0.743 	   11.8 	      0 	      0 
   74.379	   COOK	    39 	  0.743 	   11.8 	      0 	      0 
   74.379	 TOPPING	    42 	  0.743 	   11.8 	      0 	      0 
   74.825	   COOK	    40 	  0.743 	   11.8 	      0 	      0 
   74.825	 TOPPING	    43 	  0.743 	   11.8 	      0 	      0 
   74.895	   COOK	    41 	  0.743 	   11.8 	      0 	      0 
   75.020	   COOK	    42 	  0.743 	   11.8 	      0 	      0 
   75.277	  READY	    34 	  0.743 	   11.8 	      0 	      0 
   75.511	    ARR	    44 	  0.743 	   11.8 	      0 	      0 
   75.511	 TOPPING	    44 	  0.743 	   11.8 	      0 	      0 
   75.661	   COOK	    43 	  0.743 	   11.8 	      0 	      0 
   75.683	    ARR	    45 	  0.743 	   11.8 	      0 	      0 
   75.683	 TOPPING	    45 	  0.743 	   11.8 	      0 	      0 
   75.789	  READY	    35 	  0.743 	   11.8 	      0 	      0 
   75.800	    ARR	    46 	  0.743 	   11.8 	      0 	      0 
   75.800	 TOPPING	    46 	  0.743 	   11.8 	      0 	      0 
   75.925	    ARR	    47 	  0.743 	   11.8 	      0 	      0 
   75.944	    ARR	    48 	  0.743 	   11.8 	      0 	      0 
   75.987	 DELIVER	    31 	    2.9 	   12.3 	      0 	      0 
   75.987	 FINISH	    32 	    2.9 	   12.3 	      0 	      0 
   76.137	 DELIVER	    32 	   1.09 	   10.9 	      0 	      0 
   76.137	 FINISH	    33 	   1.09 	   10.9 	      0 	      0 
   76.316	    ARR	    49 	   1.09 	   10.9 	      0 	      0 
   76.366	  READY	    36 	   1.09 	   10.9 	      0 	      0 
   76.373	 DELIVER	    33 	   2.04 	   9.69 	      0 	      0 
   76.373	 FINISH	    34 	   2.04 	   9.69 	      0 	      0 
   76.432	   COOK	    44 	   2.04 	   9.69 	      0 	      0 
   76.432	 TOPPING	    47 	   2.04 	   9.69 	      0 	      0 
   76.789	    ARR	    50 	   2.04 	   9.69 	      0 	      0 
   76.872	    ARR	    51 	   2.04 	   9.69 	      0 	      0 
   77.194	   COOK	    45 	   2.04 	   9.69 	      0 	      0 
   77.194	 TOPPING	    48 	   2.04 	   9.69 	      0 	  0.322 
   77.416	   COOK	    46 	   2.04 	   9.69 	      0 	  0.322 
   77.416	 TOPPING	    49 	   2.04 	   9.69 	      0 	  0.322 
   77.894	  READY	    37 	   2.04 	   9.69 	      0 	  0.322 
   77.950	    ARR	    52 	   2.04 	   9.69 	      0 	  0.322 
   78.055	   COOK	    47 	   2.04 	   9.69 	      0 	  0.322 
   78.055	 TOPPING	    50 	   2.04 	   9.69 	      0 	  0.322 
   78.178	 DELIVER	    34 	   2.86 	   10.5 	      0 	  0.322 
   78.178	 FINISH	    35 	   2.86 	   10.5 	      0 	  0.322 
   78.232	 DELIVER	    35 	   2.75 	   9.05 	      0 	  0.322 
   78.232	 FINISH	    36 	   2.75 	   9.05 	      0 	  0.322 
   78.262	    ARR	    53 	   2.75 	   9.05 	      0 	  0.322 
   78.273	   COOK	    48 	   2.75 	   9.05 	      0 	  0.322 
   78.273	 TOPPING	    51 	   2.75 	   9.05 	      0 	  0.322 
   78.286	 DELIVER	    36 	   1.39 	   8.85 	      0 	  0.322 
   78.286	 FINISH	    37 	   1.39 	   8.85 	      0 	  0.322 
   78.333	  READY	    38 	   1.39 	   8.85 	      0 	  0.322 
   78.361	  READY	    39 	   1.39 	   8.85 	      0 	  0.322 
   78.430	  READY	    40 	   1.39 	   8.85 	      0 	  0.322 
   79.350	 DELIVER	    37 	   2.62 	   8.68 	      0 	  0.322 
   79.350	 FINISH	    38 	   2.62 	   8.68 	      0 	  0.322 
   79.369	   COOK	    49 	   2.62 	   8.68 	      0 	  0.322 
   79.369	 TOPPING	    52 	   2.62 	   8.68 	      0 	  0.322 
   79.518	   COOK	    50 	   2.62 	   8.68 	      0 	  0.322 
   79.518	 TOPPING	    53 	   2.62 	   8.68 	      0 	  0.322 
   79.758	    ARR	    54 	   2.62 	   8.68 	      0 	  0.322 
   80.127	  READY	    41 	   2.62 	   8.68 	      0 	  0.322 
   80.138	  READY	    42 	   2.62 	   8.68 	      0 	  0.322 
   80.476	   COOK	    51 	   2.62 	   8.68 	      0 	  0.322 
   80.476	 TOPPING	    54 	   2.62 	   8.68 	      0 	  0.322 
   80.497	   COOK	    52 	   2.62 	   8.68 	      0 	  0.322 
   80.515	    ARR	    55 	   2.62 	   8.68 	      0 	  0.322 
   80.515	 TOPPING	    55 	   2.62 	   8.68 	      0 	  0.322 
   80.543	  READY	    43 	   2.62 	   8.68 	      0 	  0.322 
   80.928	   COOK	    53 	   2.62 	   8.68 	      0 	  0.322 
   80.954	  READY	    44 	   2.62 	   8.68 	      0 	  0.322 
   81.269	 DELIVER	    38 	   1.52 	   10.3 	      0 	  0.322 
   81.269	 FINISH	    39 	   1.52 	   10.3 	      0 	  0.322 
   81.351	  READY	    45 	   1.52 	   10.3 	      0 	  0.322 
   81.659	   COOK	    54 	   1.52 	   10.3 	      0 	  0.322 
   81.762	    ARR	    56 	   1.52 	   10.3 	      0 	  0.322 
   81.762	 TOPPING	    56 	   1.52 	   10.3 	      0 	  0.322 
   81.799	  READY	    46 	   1.52 	   10.3 	      0 	  0.322 
   82.255	  READY	    47 	   1.52 	   10.3 	      0 	  0.322 
   82.689	   COOK	    55 	   1.52 	   10.3 	      0 	  0.322 
   83.324	  READY	    48 	   1.52 	   10.3 	      0 	  0.322 
   83.338	  READY	    49 	   1.52 	   10.3 	      0 	  0.322 
   83.343	 DELIVER	    39 	   2.45 	   11.5 	      0 	  0.322 
   83.343	 FINISH	    40 	   2.45 	   11.5 	      0 	  0.322 
   83.359	    ARR	    57 	   2.45 	   11.5 	      0 	  0.322 
   83.359	 TOPPING	    57 	   2.45 	   11.5 	      0 	  0.322 
   83.511	 DELIVER	    40 	   2.38 	   11.7 	      0 	  0.322 
   83.511	 FINISH	    41 	   2.38 	   11.7 	      0 	  0.322 
   83.577	   COOK	    56 	   2.38 	   11.7 	      0 	  0.322 
   83.739	 DELIVER	    41 	   1.54 	   11.7 	      0 	  0.322 
   83.739	 FINISH	    42 	   1.54 	   11.7 	      0 	  0.322 
   83.864	  READY	    50 	   1.54 	   11.7 	      0 	  0.322 
   84.044	  READY	    51 	   1.54 	   11.7 	      0 	  0.322 
   84.182	 DELIVER	    42 	  0.641 	   11.7 	      0 	  0.322 
   84.182	 FINISH	    43 	  0.641 	   11.7 	      0 	  0.322 
   84.432	    ARR	    58 	  0.641 	   11.7 	      0 	  0.322 
   84.432	 TOPPING	    58 	  0.641 	   11.7 	      0 	  0.322 
   84.714	 DELIVER	    43 	  0.836 	   12.2 	      0 	  0.322 
   84.714	 FINISH	    44 	  0.836 	   12.2 	      0 	  0.322 
   84.739	  READY	    52 	  0.836 	   12.2 	      0 	  0.322 
   85.118	 DELIVER	    44 	   2.54 	   9.61 	      0 	  0.322 
   85.118	 FINISH	    45 	   2.54 	   9.61 	      0 	  0.322 
   85.138	  READY	    53 	   2.54 	   9.61 	      0 	  0.322 
   85.741	  READY	    54 	   2.54 	   9.61 	      0 	  0.322 
   85.842	   COOK	    57 	   2.54 	   9.61 	      0 	  0.322 
   86.007	 DELIVER	    45 	  0.749 	   10.3 	      0 	  0.322 
   86.007	 FINISH	    46 	  0.749 	   10.3 	      0 	  0.322 
   86.161	    ARR	    59 	  0.749 	   10.3 	      0 	  0.322 
   86.161	 TOPPING	    59 	  0.749 	   10.3 	      0 	  0.322 
   87.249	   COOK	    58 	  0.749 	   10.3 	      0 	  0.322 
   87.389	   COOK	    59 	  0.749 	   10.3 	      0 	  0.322 
   87.441	 DELIVER	    46 	   1.62 	   11.6 	      0 	  0.322 
   87.441	 FINISH	    47 	   1.62 	   11.6 	      0 	  0.322 
   87.698	    ARR	    60 	   1.62 	   11.6 	      0 	  0.322 
   87.698	 TOPPING	    60 	   1.62 	   11.6 	      0 	  0.322 
   88.171	   COOK	    60 	   1.62 	   11.6 	      0 	  0.322 
   88.223	 DELIVER	    47 	  0.762 	   12.3 	      0 	  0.322 
   88.223	 FINISH	    48 	  0.762 	   12.3 	      0 	  0.322 
   88.399	    ARR	    61 	  0.762 	   12.3 	      0 	  0.322 
   88.399	 TOPPING	    61 	  0.762 	   12.3 	      0 	  0.322 
   88.478	  READY	    55 	  0.762 	   12.3 	      0 	  0.322 
   89.068	  READY	    56 	  0.762 	   12.3 	      0 	  0.322 
   89.163	    ARR	    62 	  0.762 	   12.3 	      0 	  0.322 
   89.163	 TOPPING	    62 	  0.762 	   12.3 	      0 	  0.322 
   89.319	   COOK	    61 	  0.762 	   12.3 	      0 	  0.322 
   89.482	  READY	    57 	  0.762 	   12.3 	      0 	  0.322 
   89.568	   COOK	    62 	  0.762 	   12.3 	      0 	  0.322 
   90.859	  READY	    58 	  0.762 	   12.3 	      0 	  0.322 
   91.158	 DELIVER	    48 	   2.17 	   15.2 	      0 	  0.322 
   91.158	 FINISH	    49 	   2.17 	   15.2 	      0 	  0.322 
   91.344	 DELIVER	    49 	  0.857 	     15 	      0 	  0.322 
   91.344	 FINISH	    50 	  0.857 	     15 	      0 	  0.322 
   91.843	    ARR	    63 	  0.857 	     15 	      0 	  0.322 
   91.843	 TOPPING	    63 	  0.857 	     15 	      0 	  0.322 
   92.328	  READY	    59 	  0.857 	     15 	      0 	  0.322 
   92.757	 DELIVER	    50 	   1.46 	     16 	      0 	  0.322 
   92.757	 FINISH	    51 	   1.46 	     16 	      0 	  0.322 
   92.873	  READY	    60 	   1.46 	     16 	      0 	  0.322 
   93.458	 DELIVER	    51 	   2.65 	   16.6 	      0 	  0.322 
   93.458	 FINISH	    52 	   2.65 	   16.6 	      0 	  0.322 
   94.180	  READY	    61 	   2.65 	   16.6 	      0 	  0.322 
   94.257	  READY	    62 	   2.65 	   16.6 	      0 	  0.322 
   94.561	 DELIVER	    52 	   1.13 	   16.6 	      0 	  0.322 
   94.561	 FINISH	    53 	   1.13 	   16.6 	      0 	  0.322 
   94.684	   COOK	    63 	   1.13 	   16.6 	      0 	  0.322 
   94.788	 DELIVER	    53 	  0.958 	   16.5 	      0 	  0.322 
   94.788	 FINISH	    54 	  0.958 	   16.5 	      0 	  0.322 
   95.074	 DELIVER	    54 	   2.21 	   15.3 	      0 	  0.322 
   95.074	 FINISH	    55 	   2.21 	   15.3 	      0 	  0.322 
   96.785	 DELIVER	    55 	   1.14 	   16.3 	      0 	  0.322 
   96.785	 FINISH	    56 	   1.14 	   16.3 	      0 	  0.322 
   96.973	 DELIVER	    56 	   1.81 	   15.2 	      0 	  0.322 
   96.973	 FINISH	    57 	   1.81 	   15.2 	      0 	  0.322 
   97.127	    ARR	    64 	   1.81 	   15.2 	      0 	  0.322 
   97.127	 TOPPING	    64 	   1.81 	   15.2 	      0 	  0.322 
   97.235	 DELIVER	    57 	   2.48 	   13.9 	      0 	  0.322 
   97.235	 FINISH	    58 	   2.48 	   13.9 	      0 	  0.322 
   98.584	 DELIVER	    58 	   2.82 	   14.2 	      0 	  0.322 
   98.584	 FINISH	    59 	   2.82 	   14.2 	      0 	  0.322 
   99.260	    ARR	    65 	   2.82 	   14.2 	      0 	  0.322 
   99.260	 TOPPING	    65 	   2.82 	   14.2 	      0 	  0.322 
   99.265	  READY	    63 	   2.82 	   14.2 	      0 	  0.322 
   99.649	   COOK	    64 	   2.82 	   14.2 	      0 	  0.322 
  100.096	    ARR	    66 	   2.82 	   14.2 	      0 	  0.322 
  100.096	 TOPPING	    66 	   2.82 	   14.2 	      0 	  0.322 
  100.813	 DELIVER	    59 	   1.23 	   14.7 	      0 	  0.322 
  100.813	 FINISH	    60 	   1.23 	   14.7 	      0 	  0.322 
  101.719	   COOK	    65 	   1.23 	   14.7 	      0 	  0.322 
  101.906	   COOK	    66 	   1.23 	   14.7 	      0 	  0.322 
  102.017	    ARR	    67 	   1.23 	   14.7 	      0 	  0.322 
  102.017	 TOPPING	    67 	   1.23 	   14.7 	      0 	  0.322 
  102.411	   COOK	    67 	   1.23 	   14.7 	      0 	  0.322 
  102.895	  READY	    64 	   1.23 	   14.7 	      0 	  0.322 
  103.833	 DELIVER	    60 	  0.473 	   16.1 	      0 	  0.322 
  103.833	 FINISH	    61 	  0.473 	   16.1 	      0 	  0.322 
  104.946	 DELIVER	    61 	  0.919 	   16.5 	      0 	  0.322 
  104.946	 FINISH	    62 	  0.919 	   16.5 	      0 	  0.322 
  105.388	    ARR	    68 	  0.919 	   16.5 	      0 	  0.322 
  105.388	 TOPPING	    68 	  0.919 	   16.5 	      0 	  0.322 
  106.075	  READY	    65 	  0.919 	   16.5 	      0 	  0.322 
  106.614	    ARR	    69 	  0.919 	   16.5 	      0 	  0.322 
  106.614	 TOPPING	    69 	  0.919 	   16.5 	      0 	  0.322 
  106.818	 DELIVER	    62 	  0.405 	   17.7 	      0 	  0.322 
  106.818	 FINISH	    63 	  0.405 	   17.7 	      0 	  0.322 
  106.819	  READY	    66 	  0.405 	   17.7 	      0 	  0.322 
  107.367	 DELIVER	    63 	   2.84 	   15.5 	      0 	  0.322 
  107.367	 FINISH	    64 	   2.84 	   15.5 	      0 	  0.322 
  107.443	  READY	    67 	   2.84 	   15.5 	      0 	  0.322 
  107.560	   COOK	    68 	   2.84 	   15.5 	      0 	  0.322 
  107.936	 DELIVER	    64 	   2.52 	   10.8 	      0 	  0.322 
  107.936	 FINISH	    65 	   2.52 	   10.8 	      0 	  0.322 
  108.118	   COOK	    69 	   2.52 	   10.8 	      0 	  0.322 
  110.145	 DELIVER	    65 	   2.65 	   10.9 	      0 	  0.322 
  110.145	 FINISH	    66 	   2.65 	   10.9 	      0 	  0.322 
  110.742	 DELIVER	    66 	   1.62 	   10.6 	      0 	  0.322 
  110.742	 FINISH	    67 	   1.62 	   10.6 	      0 	  0.322 
  111.508	    ARR	    70 	   1.62 	   10.6 	      0 	  0.322 
  111.508	 TOPPING	    70 	   1.62 	   10.6 	      0 	  0.322 
  111.513	  READY	    68 	   1.62 	   10.6 	      0 	  0.322 
  111.584	    ARR	    71 	   1.62 	   10.6 	      0 	  0.322 
  111.584	 TOPPING	    71 	   1.62 	   10.6 	      0 	  0.322 
  111.767	    ARR	    72 	   1.62 	   10.6 	      0 	  0.322 
  111.767	 TOPPING	    72 	   1.62 	   10.6 	      0 	  0.322 
  112.589	 DELIVER	    67 	  0.394 	   10.6 	      0 	  0.322 
  112.589	 FINISH	    68 	  0.394 	   10.6 	      0 	  0.322 
  112.607	  READY	    69 	  0.394 	   10.6 	      0 	  0.322 
  112.723	    ARR	    73 	  0.394 	   10.6 	      0 	  0.322 
  112.732	    ARR	    74 	  0.394 	   10.6 	      0 	  0.322 
  112.984	    ARR	    75 	  0.394 	   10.6 	      0 	  0.322 
  113.058	   COOK	    70 	  0.394 	   10.6 	      0 	  0.322 
  113.058	 TOPPING	    73 	  0.394 	   10.6 	      0 	  0.322 
  113.574	   COOK	    71 	  0.394 	   10.6 	      0 	  0.322 
  113.574	 TOPPING	    74 	  0.394 	   10.6 	      0 	  0.322 
  113.730	    ARR	    76 	  0.394 	   10.6 	      0 	  0.322 
  113.756	    ARR	    77 	  0.394 	   10.6 	      0 	  0.322 
  113.850	    ARR	    78 	  0.394 	   10.6 	      0 	  0.322 
  113.922	    ARR	    79 	  0.394 	   10.6 	      0 	  0.322 
  114.372	   COOK	    72 	  0.394 	   10.6 	      0 	  0.322 
  114.372	 TOPPING	    75 	  0.394 	   10.6 	      0 	  0.322 
  114.426	   COOK	    73 	  0.394 	   10.6 	      0 	  0.322 
  114.426	 TOPPING	    76 	  0.394 	   10.6 	      0 	  0.898 
  114.906	 DELIVER	    68 	   2.17 	   9.52 	      0 	  0.898 
  114.906	 FINISH	    69 	   2.17 	   9.52 	      0 	  0.898 
  115.496	    ARR	    80 	   2.17 	   9.52 	      0 	  0.898 
  115.872	   COOK	    74 	   2.17 	   9.52 	      0 	  0.898 
  115.872	 TOPPING	    77 	   2.17 	   9.52 	      0 	   1.27 
  115.886	 DELIVER	    69 	    1.5 	   9.27 	      0 	   1.27 
  116.667	   COOK	    75 	    1.5 	   9.27 	      0 	   1.27 
  116.667	 TOPPING	    78 	    1.5 	   9.27 	      0 	   1.27 
  117.289	   COOK	    76 	    1.5 	   9.27 	      0 	   1.27 
  117.289	 TOPPING	    79 	    1.5 	   9.27 	      0 	   1.27 
  117.507	  READY	    70 	    1.5 	   9.27 	      0 	   1.27 
  117.507	 FINISH	    70 	    1.5 	   9.27 	      0 	   1.27 
  117.579	  READY	    71 	    1.5 	   9.27 	      0 	   1.27 
  117.722	  READY	    72 	    1.5 	   9.27 	      0 	   1.27 
  117.756	 DELIVER	    70 	   2.84 	   6.17 	      0 	   1.27 
  117.756	 FINISH	    71 	   2.84 	   6.17 	      0 	   1.27 
  117.862	   COOK	    77 	   2.84 	   6.17 	      0 	   1.27 
  117.862	 TOPPING	    80 	   2.84 	   6.17 	      0 	   1.27 
  117.924	 DELIVER	    71 	   2.84 	    112 	      0 	   1.27 
  117.924	 FINISH	    72 	   2.84 	    112 	      0 	   1.27 
  118.265	   COOK	    78 	   2.84 	    112 	      0 	   1.27 
  118.294	  READY	    73 	   2.84 	    112 	      0 	   1.27 
  118.615	    ARR	    81 	   2.84 	    112 	      0 	   1.27 
  118.615	 TOPPING	    81 	   2.84 	    112 	      0 	   1.27 
  119.107	    ARR	    82 	   2.84 	    112 	      0 	   1.27 
  119.285	   COOK	    79 	   2.84 	    112 	      0 	   1.27 
  119.285	 TOPPING	    82 	   2.84 	    112 	      0 	   1.27 
  119.327	    ARR	    83 	   2.84 	    112 	      0 	   1.27 
  119.696	   COOK	    80 	   2.84 	    112 	      0 	   1.27 
  119.696	 TOPPING	    83 	   2.84 	    112 	      0 	   1.27 
  119.708	   COOK	    81 	   2.84 	    112 	      0 	   1.27 
  120.001	 DELIVER	    72 	   1.81 	   8.23 	      0 	   1.27 
  120.001	 FINISH	    73 	   1.81 	   8.23 	      0 	   1.27 
  120.017	  READY	    74 	   1.81 	   8.23 	      0 	   1.27 
  120.054	    ARR	    84 	   1.81 	   8.23 	      0 	   1.27 
  120.054	 TOPPING	    84 	   1.81 	   8.23 	      0 	   1.27 
  120.385	    ARR	    85 	   1.81 	   8.23 	      0 	   1.27 
  120.482	  READY	    75 	   1.81 	   8.23 	      0 	   1.27 
  120.726	 DELIVER	    73 	   1.81 	    112 	      0 	   1.27 
  120.726	 FINISH	    74 	   1.81 	    112 	      0 	   1.27 
  120.911	 DELIVER	    74 	  0.799 	   8.18 	      0 	   1.27 
  120.911	 FINISH	    75 	  0.799 	   8.18 	      0 	   1.27 
  120.998	 DELIVER	    75 	   2.29 	   8.01 	      0 	   1.27 
  121.079	    ARR	    86 	   2.29 	   8.01 	      0 	   1.27 
  121.124	    ARR	    87 	   2.29 	   8.01 	      0 	   1.27 
  121.143	    ARR	    88 	   2.29 	   8.01 	      0 	   1.27 
  121.453	   COOK	    82 	   2.29 	   8.01 	      0 	   1.27 
  121.453	 TOPPING	    85 	   2.29 	   8.01 	      0 	   1.58 
  121.467	  READY	    76 	   2.29 	   8.01 	      0 	   1.58 
  121.467	 FINISH	    76 	   2.29 	   8.01 	      0 	   1.58 
  121.988	    ARR	    89 	   2.29 	   8.01 	      0 	   1.58 
  122.396	  READY	    77 	   2.29 	   8.01 	      0 	   1.58 
  122.584	    ARR	    90 	   2.29 	   8.01 	      0 	   1.58 
  122.603	   COOK	    83 	   2.29 	   8.01 	      0 	   1.58 
  122.603	 TOPPING	    86 	   2.29 	   8.01 	      0 	   1.58 
  122.635	   COOK	    84 	   2.29 	   8.01 	      0 	   1.58 
  122.635	 TOPPING	    87 	   2.29 	   8.01 	      0 	   2.23 
  122.712	  READY	    78 	   2.29 	   8.01 	      0 	   2.23 
  122.730	    ARR	    91 	   2.29 	   8.01 	      0 	   2.23 
  122.738	 DELIVER	    76 	  0.976 	   8.82 	      0 	   2.23 
  122.738	 FINISH	    77 	  0.976 	   8.82 	      0 	   2.23 
  122.790	 DELIVER	    77 	   1.99 	   9.03 	      0 	   2.23 
  122.790	 FINISH	    78 	   1.99 	   9.03 	      0 	   2.23 
  123.091	   COOK	    85 	   1.99 	   9.03 	      0 	   2.23 
  123.091	 TOPPING	    88 	   1.99 	   9.03 	      0 	   2.59 
  123.282	  READY	    79 	   1.99 	   9.03 	      0 	   2.59 
  123.446	  READY	    80 	   1.99 	   9.03 	      0 	   2.59 
  123.462	   COOK	    86 	   1.99 	   9.03 	      0 	   2.59 
  123.462	 TOPPING	    89 	   1.99 	   9.03 	      0 	   2.59 
  124.021	  READY	    81 	   1.99 	   9.03 	      0 	   2.59 
  124.374	   COOK	    87 	   1.99 	   9.03 	      0 	   2.59 
  124.374	 TOPPING	    90 	   1.99 	   9.03 	      0 	   2.59 
  124.436	 DELIVER	    78 	   2.62 	   10.6 	      0 	   2.59 
  124.436	 FINISH	    79 	   2.62 	   10.6 	      0 	   2.59 
  124.776	  READY	    82 	   2.62 	   10.6 	      0 	   2.59 
  125.087	   COOK	    88 	   2.62 	   10.6 	      0 	   2.59 
  125.087	 TOPPING	    91 	   2.62 	   10.6 	      0 	   2.59 
  125.215	   COOK	    89 	   2.62 	   10.6 	      0 	   2.59 
  125.216	 DELIVER	    79 	  0.976 	    116 	      0 	   2.59 
  125.216	 FINISH	    80 	  0.976 	    116 	      0 	   2.59 
  125.889	 DELIVER	    80 	   1.85 	   10.4 	      0 	   2.59 
  125.889	 FINISH	    81 	   1.85 	   10.4 	      0 	   2.59 
  126.464	  READY	    83 	   1.85 	   10.4 	      0 	   2.59 
  126.668	  READY	    84 	   1.85 	   10.4 	      0 	   2.59 
  126.855	   COOK	    90 	   1.85 	   10.4 	      0 	   2.59 
  126.951	    ARR	    92 	   1.85 	   10.4 	      0 	   2.59 
  126.951	 TOPPING	    92 	   1.85 	   10.4 	      0 	   2.59 
  126.960	 DELIVER	    81 	   1.08 	   8.34 	      0 	   2.59 
  126.960	 FINISH	    82 	   1.08 	   8.34 	      0 	   2.59 
  127.387	    ARR	    93 	   1.08 	   8.34 	      0 	   2.59 
  127.387	 TOPPING	    93 	   1.08 	   8.34 	      0 	   2.59 
  127.809	   COOK	    91 	   1.08 	   8.34 	      0 	   2.59 
  127.988	  READY	    85 	   1.08 	   8.34 	      0 	   2.59 
  128.143	   COOK	    92 	   1.08 	   8.34 	      0 	   2.59 
  128.356	    ARR	    94 	   1.08 	   8.34 	      0 	   2.59 
  128.356	 TOPPING	    94 	   1.08 	   8.34 	      0 	   2.59 
  128.408	  READY	    86 	   1.08 	   8.34 	      0 	   2.59 
  128.496	 DELIVER	    82 	   2.17 	   9.39 	      0 	   2.59 
  128.496	 FINISH	    83 	   2.17 	   9.39 	      0 	   2.59 
  128.699	 DELIVER	    83 	   2.94 	   9.37 	      0 	   2.59 
  128.699	 FINISH	    84 	   2.94 	   9.37 	      0 	   2.59 
  129.192	   COOK	    93 	   2.94 	   9.37 	      0 	   2.59 
  129.322	    ARR	    95 	   2.94 	   9.37 	      0 	   2.59 
  129.322	 TOPPING	    95 	   2.94 	   9.37 	      0 	   2.59 
  129.448	  READY	    87 	   2.94 	   9.37 	      0 	   2.59 
  129.506	  READY	    88 	   2.94 	   9.37 	      0 	   2.59 
  129.544	   COOK	    94 	   2.94 	   9.37 	      0 	   2.59 
  129.786	    ARR	    96 	   2.94 	   9.37 	      0 	   2.59 
  129.786	 TOPPING	    96 	   2.94 	   9.37 	      0 	   2.59 
  129.861	 DELIVER	    84 	   2.55 	   9.81 	      0 	   2.59 
  129.861	 FINISH	    85 	   2.55 	   9.81 	      0 	   2.59 
  130.087	    ARR	    97 	   2.55 	   9.81 	      0 	   2.59 
  130.087	 TOPPING	    97 	   2.55 	   9.81 	      0 	   2.59 
  130.411	   COOK	    95 	   2.55 	   9.81 	      0 	   2.59 
  130.430	   COOK	    96 	   2.55 	   9.81 	      0 	   2.59 
  130.607	    ARR	    98 	   2.55 	   9.81 	      0 	   2.59 
  130.607	 TOPPING	    98 	   2.55 	   9.81 	      0 	   2.59 
  130.804	  READY	    89 	   2.55 	   9.81 	      0 	   2.59 
  131.174	 DELIVER	    85 	   1.64 	   10.8 	      0 	   2.59 
  131.174	 FINISH	    86 	   1.64 	   10.8 	      0 	   2.59 
  131.212	  READY	    90 	   1.64 	   10.8 	      0 	   2.59 
  131.670	    ARR	    99 	   1.64 	   10.8 	      0 	   2.59 
  131.670	 TOPPING	    99 	   1.64 	   10.8 	      0 	   2.59 
  131.860	    ARR	   100 	   1.64 	   10.8 	      0 	   2.59 
  132.171	 DELIVER	    86 	   2.61 	   11.1 	      0 	   2.59 
  132.171	 FINISH	    87 	   2.61 	   11.1 	      0 	   2.59 
  132.194	   COOK	    97 	   2.61 	   11.1 	      0 	   2.59 
  132.194	 TOPPING	   100 	   2.61 	   11.1 	      0 	   2.59 
  132.272	    ARR	   101 	   2.61 	   11.1 	      0 	   2.59 
  132.375	  READY	    91 	   2.61 	   11.1 	      0 	   2.59 
  132.395	  READY	    92 	   2.61 	   11.1 	      0 	   2.59 
  132.572	 DELIVER	    87 	  0.827 	   11.4 	      0 	   2.59 
  132.572	 FINISH	    88 	  0.827 	   11.4 	      0 	   2.59 
  132.591	    ARR	   102 	  0.827 	   11.4 	      0 	   2.59 
  132.621	 DELIVER	    88 	      2 	   11.5 	      0 	   2.59 
  132.621	 FINISH	    89 	      2 	   11.5 	      0 	   2.59 
  132.792	    ARR	   103 	      2 	   11.5 	      0 	   2.59 
  132.898	    ARR	   104 	      2 	   11.5 	      0 	   2.59 
  132.929	   COOK	    98 	      2 	   11.5 	      0 	   2.59 
  132.929	 TOPPING	   101 	      2 	   11.5 	      0 	   2.62 
  132.988	   COOK	    99 	      2 	   11.5 	      0 	   2.62 
  132.988	 TOPPING	   102 	      2 	   11.5 	      0 	   2.62 
  133.107	  READY	    93 	      2 	   11.5 	      0 	   2.62 
  133.128	 DELIVER	    89 	  0.912 	   11.1 	      0 	   2.62 
  133.128	 FINISH	    90 	  0.912 	   11.1 	      0 	   2.62 
  133.219	    ARR	   105 	  0.912 	   11.1 	      0 	   2.62 
  133.518	   COOK	   100 	  0.912 	   11.1 	      0 	   2.62 
  133.518	 TOPPING	   103 	  0.912 	   11.1 	      0 	   2.62 
  133.708	   COOK	   101 	  0.912 	   11.1 	      0 	   2.62 
  133.708	 TOPPING	   104 	  0.912 	   11.1 	      0 	   2.62 
  134.259	   COOK	   102 	  0.912 	   11.1 	      0 	   2.62 
  134.259	 TOPPING	   105 	  0.912 	   11.1 	      0 	   2.62 
  134.367	    ARR	   106 	  0.912 	   11.1 	      0 	   2.62 
  134.393	   COOK	   103 	  0.912 	   11.1 	      0 	   2.62 
  134.393	 TOPPING	   106 	  0.912 	   11.1 	      0 	   2.62 
  134.533	  READY	    94 	  0.912 	   11.1 	      0 	   2.62 
  134.774	 DELIVER	    90 	   2.48 	   12.2 	      0 	   2.62 
  134.774	 FINISH	    91 	   2.48 	   12.2 	      0 	   2.62 
  134.861	  READY	    95 	   2.48 	   12.2 	      0 	   2.62 
  134.971	   COOK	   104 	   2.48 	   12.2 	      0 	   2.62 
  135.026	   COOK	   105 	   2.48 	   12.2 	      0 	   2.62 
  135.654	  READY	    96 	   2.48 	   12.2 	      0 	   2.62 
  136.390	   COOK	   106 	   2.48 	   12.2 	      0 	   2.62 
  136.577	  READY	    97 	   2.48 	   12.2 	      0 	   2.62 
  136.717	    ARR	   107 	   2.48 	   12.2 	      0 	   2.62 
  136.717	 TOPPING	   107 	   2.48 	   12.2 	      0 	   2.62 
  136.862	 DELIVER	    91 	   2.72 	   14.1 	      0 	   2.62 
  136.862	 FINISH	    92 	   2.72 	   14.1 	      0 	   2.62 
  136.977	  READY	    98 	   2.72 	   14.1 	      0 	   2.62 
  138.001	    ARR	   108 	   2.72 	   14.1 	      0 	   2.62 
  138.001	 TOPPING	   108 	   2.72 	   14.1 	      0 	   2.62 
  138.374	  READY	    99 	   2.72 	   14.1 	      0 	   2.62 
  138.689	    ARR	   109 	   2.72 	   14.1 	      0 	   2.62 
  138.689	 TOPPING	   109 	   2.72 	   14.1 	      0 	   2.62 
  138.700	  READY	   100 	   2.72 	   14.1 	      0 	   2.62 
  139.036	 DELIVER	    92 	   1.19 	   12.1 	      0 	   2.62 
  139.036	 FINISH	    93 	   1.19 	   12.1 	      0 	   2.62 
  139.114	 DELIVER	    93 	   2.16 	   11.7 	      0 	   2.62 
  139.114	 FINISH	    94 	   2.16 	   11.7 	      0 	   2.62 
  139.418	   COOK	   107 	   2.16 	   11.7 	      0 	   2.62 
  139.422	  READY	   101 	   2.16 	   11.7 	      0 	   2.62 
  139.631	  READY	   102 	   2.16 	   11.7 	      0 	   2.62 
  139.717	  READY	   103 	   2.16 	   11.7 	      0 	   2.62 
  139.875	  READY	   104 	   2.16 	   11.7 	      0 	   2.62 
  139.885	    ARR	   110 	   2.16 	   11.7 	      0 	   2.62 
  139.885	 TOPPING	   110 	   2.16 	   11.7 	      0 	   2.62 
  140.074	  READY	   105 	   2.16 	   11.7 	      0 	   2.62 
  140.189	    ARR	   111 	   2.16 	   11.7 	      0 	   2.62 
  140.242	   COOK	   108 	   2.16 	   11.7 	      0 	   2.62 
  140.242	 TOPPING	   111 	   2.16 	   11.7 	      0 	   2.62 
  140.335	 DELIVER	    94 	  0.836 	     12 	      0 	   2.62 
  140.335	 FINISH	    95 	  0.836 	     12 	      0 	   2.62 
  140.434	 DELIVER	    95 	   1.09 	   11.1 	      0 	   2.62 
  140.434	 FINISH	    96 	   1.09 	   11.1 	      0 	   2.62 
  141.277	   COOK	   109 	   1.09 	   11.1 	      0 	   2.62 
  141.423	 DELIVER	    96 	  0.644 	   11.6 	      0 	   2.62 
  141.423	 FINISH	    97 	  0.644 	   11.6 	      0 	   2.62 
  141.491	  READY	   106 	  0.644 	   11.6 	      0 	   2.62 
  141.511	   COOK	   110 	  0.644 	   11.6 	      0 	   2.62 
  141.881	   COOK	   111 	  0.644 	   11.6 	      0 	   2.62 
  142.782	 DELIVER	    97 	    2.9 	   12.7 	      0 	   2.62 
  142.782	 FINISH	    98 	    2.9 	   12.7 	      0 	   2.62 
  143.349	 DELIVER	    98 	   2.32 	   12.7 	      0 	   2.62 
  143.349	 FINISH	    99 	   2.32 	   12.7 	      0 	   2.62 
  143.523	 DELIVER	    99 	  0.524 	   11.9 	      0 	   2.62 
  143.523	 FINISH	   100 	  0.524 	   11.9 	      0 	   2.62 
  143.769	 DELIVER	   100 	   1.32 	   11.9 	      0 	   2.62 
  143.769	 FINISH	   101 	   1.32 	   11.9 	      0 	   2.62 
  143.964	 DELIVER	   101 	  0.779 	   11.7 	      0 	   2.62 
  143.964	 FINISH	   102 	  0.779 	   11.7 	      0 	   2.62 
  144.551	    ARR	   112 	  0.779 	   11.7 	      0 	   2.62 
  144.551	 TOPPING	   112 	  0.779 	   11.7 	      0 	   2.62 
  144.709	    ARR	   113 	  0.779 	   11.7 	      0 	   2.62 
  144.709	 TOPPING	   113 	  0.779 	   11.7 	      0 	   2.62 
  144.974	  READY	   107 	  0.779 	   11.7 	      0 	   2.62 
  145.147	 DELIVER	   102 	   2.04 	   12.6 	      0 	   2.62 
  145.147	 FINISH	   103 	   2.04 	   12.6 	      0 	   2.62 
  145.459	   COOK	   112 	   2.04 	   12.6 	      0 	   2.62 
  145.602	  READY	   108 	   2.04 	   12.6 	      0 	   2.62 
  146.137	  READY	   109 	   2.04 	   12.6 	      0 	   2.62 
  146.267	 DELIVER	   103 	  0.875 	   13.5 	      0 	   2.62 
  146.267	 FINISH	   104 	  0.875 	   13.5 	      0 	   2.62 
  146.413	  READY	   110 	  0.875 	   13.5 	      0 	   2.62 
  146.735	  READY	   111 	  0.875 	   13.5 	      0 	   2.62 
  147.215	 DELIVER	   104 	   0.55 	   14.3 	      0 	   2.62 
  147.215	 FINISH	   105 	   0.55 	   14.3 	      0 	   2.62 
  147.265	   COOK	   113 	   0.55 	   14.3 	      0 	   2.62 
  148.946	    ARR	   114 	   0.55 	   14.3 	      0 	   2.62 
  148.946	 TOPPING	   114 	   0.55 	   14.3 	      0 	   2.62 
  149.747	    ARR	   115 	   0.55 	   14.3 	      0 	   2.62 
  149.747	 TOPPING	   115 	   0.55 	   14.3 	      0 	   2.62 
  149.911	 DELIVER	   105 	  0.712 	   16.7 	      0 	   2.62 
  149.911	 FINISH	   106 	  0.712 	   16.7 	      0 	   2.62 
  150.028	 DELIVER	   106 	      2 	   15.7 	      0 	   2.62 
  150.028	 FINISH	   107 	      2 	   15.7 	      0 	   2.62 
  150.915	  READY	   112 	      2 	   15.7 	      0 	   2.62 
  151.194	 DELIVER	   107 	    2.7 	   14.5 	      0 	   2.62 
  151.194	 FINISH	   108 	    2.7 	   14.5 	      0 	   2.62 
  151.343	   COOK	   114 	    2.7 	   14.5 	      0 	   2.62 
  151.894	  READY	   113 	    2.7 	   14.5 	      0 	   2.62 
  151.952	   COOK	   115 	    2.7 	   14.5 	      0 	   2.62 
  153.255	    ARR	   116 	    2.7 	   14.5 	      0 	   2.62 
  153.255	 TOPPING	   116 	    2.7 	   14.5 	      0 	   2.62 
  153.439	 DELIVER	   108 	   2.24 	   15.4 	      0 	   2.62 
  153.439	 FINISH	   109 	   2.24 	   15.4 	      0 	   2.62 
  153.637	 DELIVER	   109 	   2.59 	   14.9 	      0 	   2.62 
  153.637	 FINISH	   110 	   2.59 	   14.9 	      0 	   2.62 
  153.657	    ARR	   117 	   2.59 	   14.9 	      0 	   2.62 
  153.657	 TOPPING	   117 	   2.59 	   14.9 	      0 	   2.62 
  154.990	 DELIVER	   110 	      2 	   15.1 	      0 	   2.62 
  154.990	 FINISH	   111 	      2 	   15.1 	      0 	   2.62 
  154.997	 DELIVER	   111 	   1.27 	   14.8 	      0 	   2.62 
  154.997	 FINISH	   112 	   1.27 	   14.8 	      0 	   2.62 
  155.387	  READY	   114 	   1.27 	   14.8 	      0 	   2.62 
  155.597	   COOK	   116 	   1.27 	   14.8 	      0 	   2.62 
  155.932	   COOK	   117 	   1.27 	   14.8 	      0 	   2.62 
  156.060	  READY	   115 	   1.27 	   14.8 	      0 	   2.62 
  156.309	 DELIVER	   112 	  0.908 	   11.8 	      0 	   2.62 
  156.309	 FINISH	   113 	  0.908 	   11.8 	      0 	   2.62 
  156.489	 DELIVER	   113 	   2.56 	   11.8 	      0 	   2.62 
  156.489	 FINISH	   114 	   2.56 	   11.8 	      0 	   2.62 
  157.075	    ARR	   118 	   2.56 	   11.8 	      0 	   2.62 
  157.075	 TOPPING	   118 	   2.56 	   11.8 	      0 	   2.62 
  157.786	 DELIVER	   114 	    2.4 	   8.84 	      0 	   2.62 
  157.786	 FINISH	   115 	    2.4 	   8.84 	      0 	   2.62 
  158.405	   COOK	   118 	    2.4 	   8.84 	      0 	   2.62 
  158.835	    ARR	   119 	    2.4 	   8.84 	      0 	   2.62 
  158.835	 TOPPING	   119 	    2.4 	   8.84 	      0 	   2.62 
  159.274	  READY	   116 	    2.4 	   8.84 	      0 	   2.62 
  159.347	    ARR	   120 	    2.4 	   8.84 	      0 	   2.62 
  159.347	 TOPPING	   120 	    2.4 	   8.84 	      0 	   2.62 
  160.211	   COOK	   119 	    2.4 	   8.84 	      0 	   2.62 
  160.413	   COOK	   120 	    2.4 	   8.84 	      0 	   2.62 
  160.608	    ARR	   121 	    2.4 	   8.84 	      0 	   2.62 
  160.608	 TOPPING	   121 	    2.4 	   8.84 	      0 	   2.62 
  161.062	   COOK	   121 	    2.4 	   8.84 	      0 	   2.62 
  161.534	 DELIVER	   115 	    2.2 	   11.8 	      0 	   2.62 
  161.534	 FINISH	   116 	    2.2 	   11.8 	      0 	   2.62 
  161.687	  READY	   117 	    2.2 	   11.8 	      0 	   2.62 
  162.792	 DELIVER	   116 	   1.94 	   9.13 	      0 	   2.62 
  162.792	 FINISH	   117 	   1.94 	   9.13 	      0 	   2.62 
  162.944	 DELIVER	   117 	   2.68 	   9.69 	      0 	   2.62 
  163.127	  READY	   118 	   2.68 	   9.69 	      0 	   2.62 
  163.127	 FINISH	   118 	   2.68 	   9.69 	      0 	   2.62 
  163.356	    ARR	   122 	   2.68 	   9.69 	      0 	   2.62 
  163.356	 TOPPING	   122 	   2.68 	   9.69 	      0 	   2.62 
  164.145	    ARR	   123 	   2.68 	   9.69 	      0 	   2.62 
  164.145	 TOPPING	   123 	   2.68 	   9.69 	      0 	   2.62 
  164.165	 DELIVER	   118 	   1.33 	   7.09 	      0 	   2.62 
  164.681	  READY	   119 	   1.33 	   7.09 	      0 	   2.62 
  164.681	 FINISH	   119 	   1.33 	   7.09 	      0 	   2.62 
  164.894	 DELIVER	   119 	   1.58 	   6.06 	      0 	   2.62 
  165.381	  READY	   120 	   1.58 	   6.06 	      0 	   2.62 
  165.381	 FINISH	   120 	   1.58 	   6.06 	      0 	   2.62 
  165.966	   COOK	   122 	   1.58 	   6.06 	      0 	   2.62 
  166.125	  READY	   121 	   1.58 	   6.06 	      0 	   2.62 
  166.695	   COOK	   123 	   1.58 	   6.06 	      0 	   2.62 
  167.587	 DELIVER	   120 	  0.454 	   6.98 	      0 	   2.62 
  167.587	 FINISH	   121 	  0.454 	   6.98 	      0 	   2.62 
  168.327	 DELIVER	   121 	  0.863 	   8.98 	      0 	   2.62 
  168.907	  READY	   122 	  0.863 	   8.98 	      0 	   2.62 
  168.907	 FINISH	   122 	  0.863 	   8.98 	      0 	   2.62 
  169.961	  READY	   123 	  0.863 	   8.98 	      0 	   2.62 
  170.017	    ARR	   124 	  0.863 	   8.98 	      0 	   2.62 
  170.017	 TOPPING	   124 	  0.863 	   8.98 	      0 	   2.62 
  170.390	    ARR	   125 	  0.863 	   8.98 	      0 	   2.62 
  170.390	 TOPPING	   125 	  0.863 	   8.98 	      0 	   2.62 
  170.636	   COOK	   124 	  0.863 	   8.98 	      0 	   2.62 
  171.006	 DELIVER	   122 	   2.61 	   7.65 	      0 	   2.62 
  171.006	 FINISH	   123 	   2.61 	   7.65 	      0 	   2.62 
  171.154	 DELIVER	   123 	   2.55 	   7.01 	      0 	   2.62 
  171.803	   COOK	   125 	   2.55 	   7.01 	      0 	   2.62 
  175.064	    ARR	   126 	   2.55 	   7.01 	      0 	   2.62 
  175.064	 TOPPING	   126 	   2.55 	   7.01 	      0 	   2.62 
  175.518	  READY	   124 	   2.55 	   7.01 	      0 	   2.62 
  175.518	 FINISH	   124 	   2.55 	   7.01 	      0 	   2.62 
  176.438	  READY	   125 	   2.55 	   7.01 	      0 	   2.62 
  176.461	   COOK	   126 	   2.55 	   7.01 	      0 	   2.62 
  176.737	 DELIVER	   124 	   1.41 	   6.35 	      0 	   2.62 
  176.737	 FINISH	   125 	   1.41 	   6.35 	      0 	   2.62 
  176.786	    ARR	   127 	   1.41 	   6.35 	      0 	   2.62 
  176.786	 TOPPING	   127 	   1.41 	   6.35 	      0 	   2.62 
  176.970	    ARR	   128 	   1.41 	   6.35 	      0 	   2.62 
  176.970	 TOPPING	   128 	   1.41 	   6.35 	      0 	   2.62 
  177.802	   COOK	   127 	   1.41 	   6.35 	      0 	   2.62 
  177.998	 DELIVER	   125 	  0.619 	   7.98 	      0 	   2.62 
  179.892	   COOK	   128 	  0.619 	   7.98 	      0 	   2.62 
  180.000	   STOP	     1 	  0.619 	   7.98 	      0 	   2.62 
  180.276	  READY	   126 	  0.619 	   7.98 	      0 	   2.62 
  180.276	 FINISH	   126 	  0.619 	   7.98 	      0 	   2.62 
  183.065	  READY	   127 	  0.619 	   7.98 	      0 	   2.62 
  183.243	 DELIVER	   126 	    1.4 	   8.18 	      0 	   2.62 
  183.243	 FINISH	   127 	    1.4 	   8.18 	      0 	   2.62 
  183.381	 DELIVER	   127 	   1.02 	    6.6 	      0 	   2.62 
  184.745	  READY	   128 	   1.02 	    6.6 	      0 	   2.62 
  184.745	 FINISH	   128 	   1.02 	    6.6 	      0 	   2.62 
  185.159	 DELIVER	   128 	   2.92 	   8.19 	      0 	   2.62 
SUMMARY STATISTICS
SERVICE[ID[7]]:
 Time Ave. = 	  1.972 Time Sample Var. =	 0.7806
 Event Ave. =	  1.777 Event Sample Var. =	 0.6439
 Minimum =	 0.0381
 Maximum =	  2.997
SYSTEM[ID[7]]:
 Time Ave. = 	  10.49 Time Sample Var. =	  142.8
 Event Ave. =	  12.56 Event Sample Var. =	  244.1
 Minimum =	 0.0381
 Maximum =	  116.4
RATIO[0]:
 Time Ave. = 	      0 Time Sample Var. =	      0
 Event Ave. =	      0 Event Sample Var. =	      0
 Minimum =	      0
 Maximum =	      0
RATIO[3]:
 Time Ave. = 	  1.374 Time Sample Var. =	  1.539
 Event Ave. =	  1.123 Event Sample Var. =	  1.365
 Minimum =	      0
 Maximum =	  2.623
