    Time	  Event	 Count	  SERVICE[ID[7]]	   SYSTEM[ID[7]]	        RATIO[0]	          RATIO[3] 
    0.000	   INIT	     1 	   2.69 	   8.29 	      0 	      0 
    0.011	    ARR	     1 	   2.69 	 0.0107 	      0 	      0 
    0.011	 TOPPING	     1 	 0.0107 	 0.0107 	      0 	      0 
    0.226	    ARR	     2 	 0.0107 	 0.0107 	      0 	      0 
    0.226	 TOPPING	     2 	 0.0107 	 0.0107 	      0 	      0 
    1.273	   COOK	     1 	   1.26 	 0.0107 	      0 	      0 
    2.648	   COOK	     2 	   1.26 	 0.0107 	      0 	      0 
    4.260	  READY	     1 	   1.26 	 0.0107 	      0 	      0 
    4.260	 FINISH	     1 	   1.26 	 0.0107 	      0 	      0 
    4.486	 DELIVER	     1 	   1.26 	   4.48 	      0 	      0 
    6.345	  READY	     2 	   1.26 	   4.48 	      0 	      0 
    6.345	 FINISH	     2 	   1.26 	   4.48 	      0 	      0 
    6.509	 DELIVER	     2 	   2.42 	   6.28 	      0 	      0 
    8.050	    ARR	     3 	   2.42 	   6.28 	      0 	      0 
    8.050	 TOPPING	     3 	   2.42 	   6.28 	      0 	      0 
   10.602	    ARR	     4 	   2.42 	   6.28 	      0 	      0 
   10.602	 TOPPING	     4 	   2.42 	   6.28 	      0 	      0 
   10.907	   COOK	     3 	   2.42 	   6.28 	      0 	      0 
   11.482	    ARR	     5 	   2.42 	   6.28 	      0 	      0 
   11.482	 TOPPING	     5 	   2.42 	   6.28 	      0 	      0 
   11.777	    ARR	     6 	   2.42 	   6.28 	      0 	      0 
   12.859	    ARR	     7 	   2.42 	   6.28 	      0 	      0 
   13.048	   COOK	     4 	   2.42 	   6.28 	      0 	      0 
   13.048	 TOPPING	     6 	   2.42 	   6.28 	      0 	      0 
   13.908	   COOK	     5 	   2.42 	   6.28 	      0 	      0 
   13.908	 TOPPING	     7 	   2.42 	   6.28 	      0 	      0 
   14.460	   COOK	     6 	   2.42 	   6.28 	      0 	      0 
   14.496	  READY	     3 	   2.42 	   6.28 	      0 	      0 
   14.496	 FINISH	     3 	   2.42 	   6.28 	      0 	      0 
   16.334	 DELIVER	     3 	   2.86 	   8.28 	      0 	      0 
   16.823	   COOK	     7 	   2.86 	   8.28 	      0 	      0 
   17.884	  READY	     4 	   2.86 	   8.28 	      0 	      0 
   17.884	 FINISH	     4 	   2.86 	   8.28 	      0 	      0 
   18.135	    ARR	     8 	   2.86 	   8.28 	      0 	      0 
   18.135	 TOPPING	     8 	   2.86 	   8.28 	      0 	      0 
   18.151	  READY	     5 	   2.86 	   8.28 	      0 	      0 
   18.151	 FINISH	     5 	   2.86 	   8.28 	      0 	      0 
   18.162	    ARR	     9 	   2.86 	   8.28 	      0 	      0 
   18.162	 TOPPING	     9 	   2.86 	   8.28 	      0 	      0 
   18.253	  READY	     6 	   2.86 	   8.28 	      0 	      0 
   19.070	   COOK	     8 	   2.86 	   8.28 	      0 	      0 
   19.250	 DELIVER	     4 	   1.41 	   7.47 	      0 	      0 
   19.250	 FINISH	     6 	   1.41 	   7.47 	      0 	      0 
   19.535	 DELIVER	     5 	   2.43 	   8.05 	      0 	      0 
   19.796	 DELIVER	     6 	   2.45 	   9.19 	      0 	      0 
   19.958	    ARR	    10 	   2.45 	   9.19 	      0 	      0 
   19.958	 TOPPING	    10 	   2.45 	   9.19 	      0 	      0 
   20.003	    ARR	    11 	   2.45 	   9.19 	      0 	      0 
   20.409	   COOK	     9 	   2.45 	   9.19 	      0 	      0 
   20.409	 TOPPING	    11 	   2.45 	   9.19 	      0 	      0 
   20.799	   COOK	    10 	   2.45 	   9.19 	      0 	      0 
   21.810	  READY	     7 	   2.45 	   9.19 	      0 	      0 
   21.810	 FINISH	     7 	   2.45 	   9.19 	      0 	      0 
   21.848	 DELIVER	     7 	   2.91 	   8.99 	      0 	      0 
   21.948	   COOK	    11 	   2.91 	   8.99 	      0 	      0 
   23.135	  READY	     8 	   2.91 	   8.99 	      0 	      0 
   23.135	 FINISH	     8 	   2.91 	   8.99 	      0 	      0 
   23.474	 DELIVER	     8 	  0.908 	   5.31 	      0 	      0 
   24.193	  READY	     9 	  0.908 	   5.31 	      0 	      0 
   24.193	 FINISH	     9 	  0.908 	   5.31 	      0 	      0 
   24.454	    ARR	    12 	  0.908 	   5.31 	      0 	      0 
   24.454	 TOPPING	    12 	  0.908 	   5.31 	      0 	      0 
   25.187	 DELIVER	     9 	   2.66 	   7.05 	      0 	      0 
   25.801	  READY	    10 	   2.66 	   7.05 	      0 	      0 
   25.801	 FINISH	    10 	   2.66 	   7.05 	      0 	      0 
   26.431	   COOK	    12 	   2.66 	   7.05 	      0 	      0 
   27.272	  READY	    11 	   2.66 	   7.05 	      0 	      0 
   27.272	 FINISH	    11 	   2.66 	   7.05 	      0 	      0 
   27.471	 DELIVER	    10 	   1.54 	   7.47 	      0 	      0 
   28.149	 DELIVER	    11 	  0.451 	   8.19 	      0 	      0 
   29.690	    ARR	    13 	  0.451 	   8.19 	      0 	      0 
   29.690	 TOPPING	    13 	  0.451 	   8.19 	      0 	      0 
   30.103	  READY	    12 	  0.451 	   8.19 	      0 	      0 
   30.103	 FINISH	    12 	  0.451 	   8.19 	      0 	      0 
   31.785	 DELIVER	    12 	   1.98 	   7.33 	      0 	      0 
   32.501	   COOK	    13 	   1.98 	   7.33 	      0 	      0 
   33.150	    ARR	    14 	   1.98 	   7.33 	      0 	      0 
   33.150	 TOPPING	    14 	   1.98 	   7.33 	      0 	      0 
   35.417	   COOK	    14 	   1.98 	   7.33 	      0 	      0 
   36.150	    ARR	    15 	   1.98 	   7.33 	      0 	      0 
   36.150	 TOPPING	    15 	   1.98 	   7.33 	      0 	      0 
   37.474	  READY	    13 	   1.98 	   7.33 	      0 	      0 
   37.474	 FINISH	    13 	   1.98 	   7.33 	      0 	      0 
   37.486	    ARR	    16 	   1.98 	   7.33 	      0 	      0 
   37.486	 TOPPING	    16 	   1.98 	   7.33 	      0 	      0 
   37.859	   COOK	    15 	   1.98 	   7.33 	      0 	      0 
   39.212	   COOK	    16 	   1.98 	   7.33 	      0 	      0 
   39.218	 DELIVER	    13 	   2.81 	   9.53 	      0 	      0 
   39.475	  READY	    14 	   2.81 	   9.53 	      0 	      0 
   39.475	 FINISH	    14 	   2.81 	   9.53 	      0 	      0 
   39.827	 DELIVER	    14 	   2.27 	   6.68 	      0 	      0 
   41.177	    ARR	    17 	   2.27 	   6.68 	      0 	      0 
   41.177	 TOPPING	    17 	   2.27 	   6.68 	      0 	      0 
   41.363	    ARR	    18 	   2.27 	   6.68 	      0 	      0 
   41.363	 TOPPING	    18 	   2.27 	   6.68 	      0 	      0 
   42.763	  READY	    15 	   2.27 	   6.68 	      0 	      0 
   42.763	 FINISH	    15 	   2.27 	   6.68 	      0 	      0 
   43.387	   COOK	    17 	   2.27 	   6.68 	      0 	      0 
   43.484	  READY	    16 	   2.27 	   6.68 	      0 	      0 
   43.484	 FINISH	    16 	   2.27 	   6.68 	      0 	      0 
   43.835	   COOK	    18 	   2.27 	   6.68 	      0 	      0 
   44.192	 DELIVER	    15 	   1.73 	   6.71 	      0 	      0 
   44.332	    ARR	    19 	   1.73 	   6.71 	      0 	      0 
   44.332	 TOPPING	    19 	   1.73 	   6.71 	      0 	      0 
   46.975	   COOK	    19 	   1.73 	   6.71 	      0 	      0 
   47.116	 DELIVER	    16 	   1.71 	     11 	      0 	      0 
   47.674	  READY	    17 	   1.71 	     11 	      0 	      0 
   47.674	 FINISH	    17 	   1.71 	     11 	      0 	      0 
   47.978	 DELIVER	    17 	   2.21 	    6.8 	      0 	      0 
   48.877	  READY	    18 	   2.21 	    6.8 	      0 	      0 
   48.877	 FINISH	    18 	   2.21 	    6.8 	      0 	      0 
   50.977	  READY	    19 	   2.21 	    6.8 	      0 	      0 
   50.977	 FINISH	    19 	   2.21 	    6.8 	      0 	      0 
   51.257	    ARR	    20 	   2.21 	    6.8 	      0 	      0 
   51.257	 TOPPING	    20 	   2.21 	    6.8 	      0 	      0 
   51.376	    ARR	    21 	   2.21 	    6.8 	      0 	      0 
   51.376	 TOPPING	    21 	   2.21 	    6.8 	      0 	      0 
   51.405	 DELIVER	    18 	   2.47 	     10 	      0 	      0 
   51.811	    ARR	    22 	   2.47 	     10 	      0 	      0 
   51.842	 DELIVER	    19 	   2.64 	   7.51 	      0 	      0 
   52.768	    ARR	    23 	   2.64 	   7.51 	      0 	      0 
   52.845	   COOK	    20 	   2.64 	   7.51 	      0 	      0 
   52.845	 TOPPING	    22 	   2.64 	   7.51 	      0 	      0 
   52.999	    ARR	    24 	   2.64 	   7.51 	      0 	      0 
   53.136	    ARR	    25 	   2.64 	   7.51 	      0 	      0 
   53.167	   COOK	    21 	   2.64 	   7.51 	      0 	      0 
   53.167	 TOPPING	    23 	   2.64 	   7.51 	      0 	      0 
   53.185	    ARR	    26 	   2.64 	   7.51 	      0 	      0 
   53.511	   COOK	    22 	   2.64 	   7.51 	      0 	      0 
   53.511	 TOPPING	    24 	   2.64 	   7.51 	      0 	      0 
   53.614	    ARR	    27 	   2.64 	   7.51 	      0 	      0 
   53.860	   COOK	    23 	   2.64 	   7.51 	      0 	      0 
   53.860	 TOPPING	    25 	   2.64 	   7.51 	      0 	      0 
   54.092	    ARR	    28 	   2.64 	   7.51 	      0 	      0 
   54.117	    ARR	    29 	   2.64 	   7.51 	      0 	      0 
   55.425	   COOK	    24 	   2.64 	   7.51 	      0 	      0 
   55.425	 TOPPING	    26 	   2.64 	   7.51 	      0 	   1.31 
   55.476	   COOK	    25 	   2.64 	   7.51 	      0 	   1.31 
   55.476	 TOPPING	    27 	   2.64 	   7.51 	      0 	   1.31 
   55.873	   COOK	    26 	   2.64 	   7.51 	      0 	   1.31 
   55.873	 TOPPING	    28 	   2.64 	   7.51 	      0 	   1.31 
   57.033	   COOK	    27 	   2.64 	   7.51 	      0 	   1.31 
   57.033	 TOPPING	    29 	   2.64 	   7.51 	      0 	   1.31 
   57.073	    ARR	    30 	   2.64 	   7.51 	      0 	   1.31 
   57.104	   COOK	    28 	   2.64 	   7.51 	      0 	   1.31 
   57.104	 TOPPING	    30 	   2.64 	   7.51 	      0 	   1.31 
   57.550	    ARR	    31 	   2.64 	   7.51 	      0 	   1.31 
   57.900	    ARR	    32 	   2.64 	   7.51 	      0 	   1.31 
   57.934	  READY	    20 	   2.64 	   7.51 	      0 	   1.31 
   57.934	 FINISH	    20 	   2.64 	   7.51 	      0 	   1.31 
   58.102	  READY	    21 	   2.64 	   7.51 	      0 	   1.31 
   58.102	 FINISH	    21 	   2.64 	   7.51 	      0 	   1.31 
   58.299	 DELIVER	    20 	  0.665 	   6.49 	      0 	   1.31 
   58.394	   COOK	    29 	  0.665 	   6.49 	      0 	   1.31 
   58.394	 TOPPING	    31 	  0.665 	   6.49 	      0 	   1.31 
   58.518	    ARR	    33 	  0.665 	   6.49 	      0 	   1.31 
   58.771	   COOK	    30 	  0.665 	   6.49 	      0 	   1.31 
   58.771	 TOPPING	    32 	  0.665 	   6.49 	      0 	   1.31 
   58.802	  READY	    22 	  0.665 	   6.49 	      0 	   1.31 
   58.802	 FINISH	    22 	  0.665 	   6.49 	      0 	   1.31 
   58.836	  READY	    23 	  0.665 	   6.49 	      0 	   1.31 
   59.019	  READY	    24 	  0.665 	   6.49 	      0 	   1.31 
   59.125	 DELIVER	    21 	   1.62 	   5.99 	      0 	   1.31 
   59.125	 FINISH	    23 	   1.62 	   5.99 	      0 	   1.31 
   59.137	    ARR	    34 	   1.62 	   5.99 	      0 	   1.31 
   59.321	 DELIVER	    22 	   1.47 	   7.95 	      0 	   1.31 
   59.321	 FINISH	    24 	   1.47 	   7.95 	      0 	   1.31 
   59.381	  READY	    25 	   1.47 	   7.95 	      0 	   1.31 
   59.606	    ARR	    35 	   1.47 	   7.95 	      0 	   1.31 
   59.704	   COOK	    31 	   1.47 	   7.95 	      0 	   1.31 
   59.704	 TOPPING	    33 	   1.47 	   7.95 	      0 	   1.31 
   60.035	    ARR	    36 	   1.47 	   7.95 	      0 	   1.31 
   60.207	 DELIVER	    23 	  0.694 	   7.44 	      0 	   1.31 
   60.207	 FINISH	    25 	  0.694 	   7.44 	      0 	   1.31 
   60.291	 DELIVER	    24 	  0.694 	   52.9 	      0 	   1.31 
   60.997	   COOK	    32 	  0.694 	   52.9 	      0 	   1.31 
   60.997	 TOPPING	    34 	  0.694 	   52.9 	      0 	   1.31 
   61.117	  READY	    26 	  0.694 	   52.9 	      0 	   1.31 
   61.117	 FINISH	    26 	  0.694 	   52.9 	      0 	   1.31 
   61.262	  READY	    27 	  0.694 	   52.9 	      0 	   1.31 
   61.300	    ARR	    37 	  0.694 	   52.9 	      0 	   1.31 
   61.796	   COOK	    33 	  0.694 	   52.9 	      0 	   1.31 
   61.796	 TOPPING	    35 	  0.694 	   52.9 	      0 	   1.31 
   61.874	 DELIVER	    25 	   1.61 	   8.69 	      0 	   1.31 
   61.874	 FINISH	    27 	   1.61 	   8.69 	      0 	   1.31 
   62.143	 DELIVER	    26 	   1.91 	   9.14 	      0 	   1.31 
   62.201	  READY	    28 	   1.91 	   9.14 	      0 	   1.31 
   62.201	 FINISH	    28 	   1.91 	   9.14 	      0 	   1.31 
   62.249	    ARR	    38 	   1.91 	   9.14 	      0 	   1.31 
   62.368	   COOK	    34 	   1.91 	   9.14 	      0 	   1.31 
   62.368	 TOPPING	    36 	   1.91 	   9.14 	      0 	   1.31 
   62.611	  READY	    29 	   1.91 	   9.14 	      0 	   1.31 
   62.750	   COOK	    35 	   1.91 	   9.14 	      0 	   1.31 
   62.750	 TOPPING	    37 	   1.91 	   9.14 	      0 	   1.31 
   62.782	    ARR	    39 	   1.91 	   9.14 	      0 	   1.31 
   62.919	    ARR	    40 	   1.91 	   9.14 	      0 	   1.31 
   63.496	    ARR	    41 	   1.91 	   9.14 	      0 	   1.31 
   63.685	 DELIVER	    27 	   1.91 	   54.5 	      0 	   1.31 
   63.685	 FINISH	    29 	   1.91 	   54.5 	      0 	   1.31 
   63.763	    ARR	    42 	   1.91 	   54.5 	      0 	   1.31 
   63.881	  READY	    30 	   1.91 	   54.5 	      0 	   1.31 
   64.308	 DELIVER	    28 	  0.378 	   6.76 	      0 	   1.31 
   64.308	 FINISH	    30 	  0.378 	   6.76 	      0 	   1.31 
   64.459	 DELIVER	    29 	   1.23 	   10.4 	      0 	   1.31 
   64.819	 DELIVER	    30 	   1.36 	   10.7 	      0 	   1.31 
   64.895	   COOK	    36 	   1.36 	   10.7 	      0 	   1.31 
   64.895	 TOPPING	    38 	   1.36 	   10.7 	      0 	   1.31 
   64.963	  READY	    31 	   1.36 	   10.7 	      0 	   1.31 
   64.963	 FINISH	    31 	   1.36 	   10.7 	      0 	   1.31 
   65.217	   COOK	    37 	   1.36 	   10.7 	      0 	   1.31 
   65.217	 TOPPING	    39 	   1.36 	   10.7 	      0 	   3.03 
   65.298	  READY	    32 	   1.36 	   10.7 	      0 	   3.03 
   65.298	 FINISH	    32 	   1.36 	   10.7 	      0 	   3.03 
   65.313	 DELIVER	    31 	    2.6 	   8.24 	      0 	   3.03 
   65.443	   COOK	    38 	    2.6 	   8.24 	      0 	   3.03 
   65.443	 TOPPING	    40 	    2.6 	   8.24 	      0 	   3.03 
   66.090	    ARR	    43 	    2.6 	   8.24 	      0 	   3.03 
   66.278	   COOK	    39 	    2.6 	   8.24 	      0 	   3.03 
   66.278	 TOPPING	    41 	    2.6 	   8.24 	      0 	   3.03 
   66.284	 DELIVER	    32 	   2.23 	   8.38 	      0 	   3.03 
   66.300	  READY	    33 	   2.23 	   8.38 	      0 	   3.03 
   66.300	 FINISH	    33 	   2.23 	   8.38 	      0 	   3.03 
   66.342	   COOK	    40 	   2.23 	   8.38 	      0 	   3.03 
   66.342	 TOPPING	    42 	   2.23 	   8.38 	      0 	   3.03 
   66.410	    ARR	    44 	   2.23 	   8.38 	      0 	   3.03 
   66.425	    ARR	    45 	   2.23 	   8.38 	      0 	   3.03 
   67.011	    ARR	    46 	   2.23 	   8.38 	      0 	   3.03 
   67.212	  READY	    34 	   2.23 	   8.38 	      0 	   3.03 
   67.212	 FINISH	    34 	   2.23 	   8.38 	      0 	   3.03 
   67.955	  READY	    35 	   2.23 	   8.38 	      0 	   3.03 
   68.096	  READY	    36 	   2.23 	   8.38 	      0 	   3.03 
   68.299	 DELIVER	    33 	   2.09 	   9.78 	      0 	   3.03 
   68.299	 FINISH	    35 	   2.09 	   9.78 	      0 	   3.03 
   68.447	  READY	    37 	   2.09 	   9.78 	      0 	   3.03 
   68.628	   COOK	    41 	   2.09 	   9.78 	      0 	   3.03 
   68.628	 TOPPING	    43 	   2.09 	   9.78 	      0 	   4.65 
   68.805	    ARR	    47 	   2.09 	   9.78 	      0 	   4.65 
   68.840	   COOK	    42 	   2.09 	   9.78 	      0 	   4.65 
   68.840	 TOPPING	    44 	   2.09 	   9.78 	      0 	   4.68 
   68.883	 DELIVER	    34 	  0.953 	   9.28 	      0 	   4.68 
   68.883	 FINISH	    36 	  0.953 	   9.28 	      0 	   4.68 
   68.906	  READY	    38 	  0.953 	   9.28 	      0 	   4.68 
   69.659	   COOK	    43 	  0.953 	   9.28 	      0 	   4.68 
   69.659	 TOPPING	    45 	  0.953 	   9.28 	      0 	   4.68 
   69.937	   COOK	    44 	  0.953 	   9.28 	      0 	   4.68 
   69.937	 TOPPING	    46 	  0.953 	   9.28 	      0 	   4.68 
   70.375	 DELIVER	    35 	  0.953 	   61.1 	      0 	   4.68 
   70.375	 FINISH	    37 	  0.953 	   61.1 	      0 	   4.68 
   70.387	 DELIVER	    36 	   2.85 	   10.4 	      0 	   4.68 
   70.387	 FINISH	    38 	   2.85 	   10.4 	      0 	   4.68 
   70.532	    ARR	    48 	   2.85 	   10.4 	      0 	   4.68 
   70.960	  READY	    39 	   2.85 	   10.4 	      0 	   4.68 
   71.238	   COOK	    45 	   2.85 	   10.4 	      0 	   4.68 
   71.238	 TOPPING	    47 	   2.85 	   10.4 	      0 	   4.68 
   71.434	  READY	    40 	   2.85 	   10.4 	      0 	   4.68 
   71.496	 DELIVER	    37 	   2.15 	   10.2 	      0 	   4.68 
   71.496	 FINISH	    39 	   2.15 	   10.2 	      0 	   4.68 
   71.683	  READY	    41 	   2.15 	   10.2 	      0 	   4.68 
   71.739	   COOK	    46 	   2.15 	   10.2 	      0 	   4.68 
   71.739	 TOPPING	    48 	   2.15 	   10.2 	      0 	   4.68 
   72.581	 DELIVER	    38 	  0.548 	   10.3 	      0 	   4.68 
   72.581	 FINISH	    40 	  0.548 	   10.3 	      0 	   4.68 
   72.842	  READY	    42 	  0.548 	   10.3 	      0 	   4.68 
   72.848	    ARR	    49 	  0.548 	   10.3 	      0 	   4.68 
   72.862	 DELIVER	    39 	   1.06 	   10.1 	      0 	   4.68 
   72.862	 FINISH	    41 	   1.06 	   10.1 	      0 	   4.68 
   72.913	    ARR	    50 	   1.06 	   10.1 	      0 	   4.68 
   72.936	   COOK	    47 	   1.06 	   10.1 	      0 	   4.68 
   72.936	 TOPPING	    49 	   1.06 	   10.1 	      0 	   4.68 
   73.052	    ARR	    51 	   1.06 	   10.1 	      0 	   4.68 
   73.078	    ARR	    52 	   1.06 	   10.1 	      0 	   4.68 
   73.137	  READY	    43 	   1.06 	   10.1 	      0 	   4.68 
   73.173	 DELIVER	    40 	   2.35 	   9.68 	      0 	   4.68 
   73.173	 FINISH	    42 	   2.35 	   9.68 	      0 	   4.68 
   73.246	 DELIVER	    41 	  0.899 	   10.3 	      0 	   4.68 
   73.246	 FINISH	    43 	  0.899 	   10.3 	      0 	   4.68 
   73.289	 DELIVER	    42 	   1.31 	    7.2 	      0 	   4.68 
   73.394	 DELIVER	    43 	    2.5 	   9.63 	      0 	   4.68 
   73.943	   COOK	    48 	    2.5 	   9.63 	      0 	   4.68 
   73.943	 TOPPING	    50 	    2.5 	   9.63 	      0 	   4.68 
   74.259	  READY	    44 	    2.5 	   9.63 	      0 	   4.68 
   74.259	 FINISH	    44 	    2.5 	   9.63 	      0 	   4.68 
   74.411	   COOK	    49 	    2.5 	   9.63 	      0 	   4.68 
   74.411	 TOPPING	    51 	    2.5 	   9.63 	      0 	   4.68 
   74.947	 DELIVER	    44 	   1.31 	   67.7 	      0 	   4.68 
   75.678	    ARR	    53 	   1.31 	   67.7 	      0 	   4.68 
   75.741	  READY	    45 	   1.31 	   67.7 	      0 	   4.68 
   75.741	 FINISH	    45 	   1.31 	   67.7 	      0 	   4.68 
   75.972	    ARR	    54 	   1.31 	   67.7 	      0 	   4.68 
   76.115	   COOK	    50 	   1.31 	   67.7 	      0 	   4.68 
   76.115	 TOPPING	    52 	   1.31 	   67.7 	      0 	   4.68 
   76.204	  READY	    46 	   1.31 	   67.7 	      0 	   4.68 
   76.204	 FINISH	    46 	   1.31 	   67.7 	      0 	   4.68 
   76.211	 DELIVER	    45 	    1.2 	   5.68 	      0 	   4.68 
   76.365	 DELIVER	    46 	    1.8 	   9.35 	      0 	   4.68 
   76.617	    ARR	    55 	    1.8 	   9.35 	      0 	   4.68 
   76.713	   COOK	    51 	    1.8 	   9.35 	      0 	   4.68 
   76.713	 TOPPING	    53 	    1.8 	   9.35 	      0 	   4.68 
   76.994	  READY	    47 	    1.8 	   9.35 	      0 	   4.68 
   76.994	 FINISH	    47 	    1.8 	   9.35 	      0 	   4.68 
   77.109	    ARR	    56 	    1.8 	   9.35 	      0 	   4.68 
   77.128	 DELIVER	    47 	   1.58 	   10.7 	      0 	   4.68 
   77.196	  READY	    48 	   1.58 	   10.7 	      0 	   4.68 
   77.196	 FINISH	    48 	   1.58 	   10.7 	      0 	   4.68 
   77.870	  READY	    49 	   1.58 	   10.7 	      0 	   4.68 
   77.870	 FINISH	    49 	   1.58 	   10.7 	      0 	   4.68 
   77.875	 DELIVER	    48 	   1.47 	   5.03 	      0 	   4.68 
   78.263	 DELIVER	    49 	   2.71 	   9.46 	      0 	   4.68 
   78.279	    ARR	    57 	   2.71 	   9.46 	      0 	   4.68 
   78.296	    ARR	    58 	   2.71 	   9.46 	      0 	   4.68 
   78.355	    ARR	    59 	   2.71 	   9.46 	      0 	   4.68 
   78.366	   COOK	    52 	   2.71 	   9.46 	      0 	   4.68 
   78.366	 TOPPING	    54 	   2.71 	   9.46 	      0 	   4.68 
   78.573	    ARR	    60 	   2.71 	   9.46 	      0 	   4.68 
   78.884	   COOK	    53 	   2.71 	   9.46 	      0 	   4.68 
   78.884	 TOPPING	    55 	   2.71 	   9.46 	      0 	   4.68 
   79.357	    ARR	    61 	   2.71 	   9.46 	      0 	   4.68 
   80.080	    ARR	    62 	   2.71 	   9.46 	      0 	   4.68 
   80.127	   COOK	    54 	   2.71 	   9.46 	      0 	   4.68 
   80.127	 TOPPING	    56 	   2.71 	   9.46 	      0 	   4.68 
   80.720	  READY	    50 	   2.71 	   9.46 	      0 	   4.68 
   80.720	 FINISH	    50 	   2.71 	   9.46 	      0 	   4.68 
   80.721	   COOK	    55 	   2.71 	   9.46 	      0 	   4.68 
   80.721	 TOPPING	    57 	   2.71 	   9.46 	      0 	   4.68 
   80.950	    ARR	    63 	   2.71 	   9.46 	      0 	   4.68 
   81.454	    ARR	    64 	   2.71 	   9.46 	      0 	   4.68 
   81.776	  READY	    51 	   2.71 	   9.46 	      0 	   4.68 
   81.776	 FINISH	    51 	   2.71 	   9.46 	      0 	   4.68 
   82.005	 DELIVER	    50 	   2.77 	   9.09 	      0 	   4.68 
   82.321	 DELIVER	    51 	    1.7 	   9.27 	      0 	   4.68 
   82.635	   COOK	    56 	    1.7 	   9.27 	      0 	   4.68 
   82.635	 TOPPING	    58 	    1.7 	   9.27 	      0 	   4.68 
   83.134	   COOK	    57 	    1.7 	   9.27 	      0 	   4.68 
   83.134	 TOPPING	    59 	    1.7 	   9.27 	      0 	   4.68 
   83.218	  READY	    52 	    1.7 	   9.27 	      0 	   4.68 
   83.218	 FINISH	    52 	    1.7 	   9.27 	      0 	   4.68 
   83.419	  READY	    53 	    1.7 	   9.27 	      0 	   4.68 
   83.419	 FINISH	    53 	    1.7 	   9.27 	      0 	   4.68 
   83.475	 DELIVER	    52 	   1.65 	    7.8 	      0 	   4.68 
   83.985	  READY	    54 	   1.65 	    7.8 	      0 	   4.68 
   83.985	 FINISH	    54 	   1.65 	    7.8 	      0 	   4.68 
   84.284	  READY	    55 	   1.65 	    7.8 	      0 	   4.68 
   84.489	 DELIVER	    53 	   2.77 	   11.4 	      0 	   4.68 
   84.489	 FINISH	    55 	   2.77 	   11.4 	      0 	   4.68 
   85.074	 DELIVER	    54 	   1.76 	    9.1 	      0 	   4.68 
   85.214	 DELIVER	    55 	   1.84 	    8.6 	      0 	   4.68 
   85.337	   COOK	    58 	   1.84 	    8.6 	      0 	   4.68 
   85.337	 TOPPING	    60 	   1.84 	    8.6 	      0 	   4.68 
   85.447	   COOK	    59 	   1.84 	    8.6 	      0 	   4.68 
   85.447	 TOPPING	    61 	   1.84 	    8.6 	      0 	   11.8 
   86.105	  READY	    56 	   1.84 	    8.6 	      0 	   11.8 
   86.105	 FINISH	    56 	   1.84 	    8.6 	      0 	   11.8 
   86.128	   COOK	    60 	   1.84 	    8.6 	      0 	   11.8 
   86.128	 TOPPING	    62 	   1.84 	    8.6 	      0 	   11.8 
   86.737	  READY	    57 	   1.84 	    8.6 	      0 	   11.8 
   86.737	 FINISH	    57 	   1.84 	    8.6 	      0 	   11.8 
   87.314	   COOK	    61 	   1.84 	    8.6 	      0 	   11.8 
   87.314	 TOPPING	    63 	   1.84 	    8.6 	      0 	   11.8 
   87.549	   COOK	    62 	   1.84 	    8.6 	      0 	   11.8 
   87.549	 TOPPING	    64 	   1.84 	    8.6 	      0 	   11.8 
   87.850	 DELIVER	    56 	   2.51 	   10.7 	      0 	   11.8 
   88.109	    ARR	    65 	   2.51 	   10.7 	      0 	   11.8 
   88.616	   COOK	    63 	   2.51 	   10.7 	      0 	   11.8 
   88.616	 TOPPING	    65 	   2.51 	   10.7 	      0 	   11.8 
   88.622	 DELIVER	    57 	   2.41 	   10.3 	      0 	   11.8 
   88.746	   COOK	    64 	   2.41 	   10.3 	      0 	   11.8 
   89.610	   COOK	    65 	   2.41 	   10.3 	      0 	   11.8 
   89.894	  READY	    58 	   2.41 	   10.3 	      0 	   11.8 
   89.894	 FINISH	    58 	   2.41 	   10.3 	      0 	   11.8 
   90.066	    ARR	    66 	   2.41 	   10.3 	      0 	   11.8 
   90.066	 TOPPING	    66 	   2.41 	   10.3 	      0 	   11.8 
   90.817	   COOK	    66 	   2.41 	   10.3 	      0 	   11.8 
   91.072	  READY	    59 	   2.41 	   10.3 	      0 	   11.8 
   91.072	 FINISH	    59 	   2.41 	   10.3 	      0 	   11.8 
   91.251	 DELIVER	    58 	   2.81 	     13 	      0 	   11.8 
   91.357	    ARR	    67 	   2.81 	     13 	      0 	   11.8 
   91.357	 TOPPING	    67 	   2.81 	     13 	      0 	   11.8 
   91.530	  READY	    60 	   2.81 	     13 	      0 	   11.8 
   91.530	 FINISH	    60 	   2.81 	     13 	      0 	   11.8 
   91.775	  READY	    61 	   2.81 	     13 	      0 	   11.8 
   91.798	    ARR	    68 	   2.81 	     13 	      0 	   11.8 
   91.798	 TOPPING	    68 	   2.81 	     13 	      0 	   11.8 
   91.854	 DELIVER	    59 	  0.682 	   12.5 	      0 	   11.8 
   91.854	 FINISH	    61 	  0.682 	   12.5 	      0 	   11.8 
   92.474	   COOK	    67 	  0.682 	   12.5 	      0 	   11.8 
   92.846	  READY	    62 	  0.682 	   12.5 	      0 	   11.8 
   92.908	 DELIVER	    60 	    2.2 	   14.6 	      0 	   11.8 
   92.908	 FINISH	    62 	    2.2 	   14.6 	      0 	   11.8 
   93.148	  READY	    63 	    2.2 	   14.6 	      0 	   11.8 
   93.521	  READY	    64 	    2.2 	   14.6 	      0 	   11.8 
   93.899	 DELIVER	    61 	   1.98 	   15.3 	      0 	   11.8 
   93.899	 FINISH	    63 	   1.98 	   15.3 	      0 	   11.8 
   94.358	  READY	    65 	   1.98 	   15.3 	      0 	   11.8 
   94.392	   COOK	    68 	   1.98 	   15.3 	      0 	   11.8 
   94.941	 DELIVER	    62 	    1.2 	   13.5 	      0 	   11.8 
   94.941	 FINISH	    64 	    1.2 	   13.5 	      0 	   11.8 
   94.992	 DELIVER	    63 	    1.2 	   81.5 	      0 	   11.8 
   94.992	 FINISH	    65 	    1.2 	   81.5 	      0 	   11.8 
   95.386	 DELIVER	    64 	    1.3 	   14.4 	      0 	   11.8 
   96.528	  READY	    66 	    1.3 	   14.4 	      0 	   11.8 
   96.528	 FINISH	    66 	    1.3 	   14.4 	      0 	   11.8 
   96.661	  READY	    67 	    1.3 	   14.4 	      0 	   11.8 
   97.073	 DELIVER	    65 	  0.994 	   8.96 	      0 	   11.8 
   97.073	 FINISH	    67 	  0.994 	   8.96 	      0 	   11.8 
   97.226	 DELIVER	    66 	  0.751 	   7.16 	      0 	   11.8 
   97.443	 DELIVER	    67 	   1.12 	   6.09 	      0 	   11.8 
   97.805	    ARR	    69 	   1.12 	   6.09 	      0 	   11.8 
   97.805	 TOPPING	    69 	   1.12 	   6.09 	      0 	   11.8 
   98.175	    ARR	    70 	   1.12 	   6.09 	      0 	   11.8 
   98.175	 TOPPING	    70 	   1.12 	   6.09 	      0 	   11.8 
   98.920	  READY	    68 	   1.12 	   6.09 	      0 	   11.8 
   98.920	 FINISH	    68 	   1.12 	   6.09 	      0 	   11.8 
   98.986	    ARR	    71 	   1.12 	   6.09 	      0 	   11.8 
   99.509	 DELIVER	    68 	   2.59 	   7.71 	      0 	   11.8 
   99.572	    ARR	    72 	   2.59 	   7.71 	      0 	   11.8 
   99.849	   COOK	    69 	   2.59 	   7.71 	      0 	   11.8 
   99.849	 TOPPING	    71 	   2.59 	   7.71 	      0 	   11.8 
  100.449	   COOK	    70 	   2.59 	   7.71 	      0 	   11.8 
  100.449	 TOPPING	    72 	   2.59 	   7.71 	      0 	   11.8 
  100.527	    ARR	    73 	   2.59 	   7.71 	      0 	   11.8 
  100.754	   COOK	    71 	   2.59 	   7.71 	      0 	   11.8 
  100.754	 TOPPING	    73 	   2.59 	   7.71 	      0 	   11.8 
  101.870	    ARR	    74 	   2.59 	   7.71 	      0 	   11.8 
  102.405	   COOK	    72 	   2.59 	   7.71 	      0 	   11.8 
  102.405	 TOPPING	    74 	   2.59 	   7.71 	      0 	   11.8 
  103.378	   COOK	    73 	   2.59 	   7.71 	      0 	   11.8 
  103.474	   COOK	    74 	   2.59 	   7.71 	      0 	   11.8 
  103.593	    ARR	    75 	   2.59 	   7.71 	      0 	   11.8 
  103.593	 TOPPING	    75 	   2.59 	   7.71 	      0 	   11.8 
  104.051	  READY	    69 	   2.59 	   7.71 	      0 	   11.8 
  104.051	 FINISH	    69 	   2.59 	   7.71 	      0 	   11.8 
  104.274	 DELIVER	    69 	   2.04 	   6.47 	      0 	   11.8 
  104.923	  READY	    70 	   2.04 	   6.47 	      0 	   11.8 
  104.923	 FINISH	    70 	   2.04 	   6.47 	      0 	   11.8 
  105.560	   COOK	    75 	   2.04 	   6.47 	      0 	   11.8 
  105.579	 DELIVER	    70 	  0.905 	   6.59 	      0 	   11.8 
  105.917	  READY	    71 	  0.905 	   6.59 	      0 	   11.8 
  105.917	 FINISH	    71 	  0.905 	   6.59 	      0 	   11.8 
  106.054	  READY	    72 	  0.905 	   6.59 	      0 	   11.8 
  106.054	 FINISH	    72 	  0.905 	   6.59 	      0 	   11.8 
  107.240	 DELIVER	    71 	   1.96 	   7.67 	      0 	   11.8 
  107.256	  READY	    73 	   1.96 	   7.67 	      0 	   11.8 
  107.256	 FINISH	    73 	   1.96 	   7.67 	      0 	   11.8 
  107.358	 DELIVER	    72 	   1.07 	   5.49 	      0 	   11.8 
  107.368	  READY	    74 	   1.07 	   5.49 	      0 	   11.8 
  107.368	 FINISH	    74 	   1.07 	   5.49 	      0 	   11.8 
  107.456	 DELIVER	    73 	   2.27 	   9.28 	      0 	   11.8 
  107.458	 DELIVER	    74 	   2.62 	   6.93 	      0 	   11.8 
  109.468	  READY	    75 	   2.62 	   6.93 	      0 	   11.8 
  109.468	 FINISH	    75 	   2.62 	   6.93 	      0 	   11.8 
  109.967	 DELIVER	    75 	   1.97 	   6.37 	      0 	   11.8 
  113.430	    ARR	    76 	   1.97 	   6.37 	      0 	   11.8 
  113.430	 TOPPING	    76 	   1.97 	   6.37 	      0 	   11.8 
  113.672	    ARR	    77 	   1.97 	   6.37 	      0 	   11.8 
  113.672	 TOPPING	    77 	   1.97 	   6.37 	      0 	   11.8 
  114.004	    ARR	    78 	   1.97 	   6.37 	      0 	   11.8 
  114.097	    ARR	    79 	   1.97 	   6.37 	      0 	   11.8 
  114.235	   COOK	    76 	   1.97 	   6.37 	      0 	   11.8 
  114.235	 TOPPING	    78 	   1.97 	   6.37 	      0 	   11.8 
  114.396	    ARR	    80 	   1.97 	   6.37 	      0 	   11.8 
  114.403	    ARR	    81 	   1.97 	   6.37 	      0 	   11.8 
  114.551	    ARR	    82 	   1.97 	   6.37 	      0 	   11.8 
  114.650	   COOK	    77 	   1.97 	   6.37 	      0 	   11.8 
  114.650	 TOPPING	    79 	   1.97 	   6.37 	      0 	   11.9 
  115.031	    ARR	    83 	   1.97 	   6.37 	      0 	   11.9 
  115.130	    ARR	    84 	   1.97 	   6.37 	      0 	   11.9 
  115.349	   COOK	    78 	   1.97 	   6.37 	      0 	   11.9 
  115.349	 TOPPING	    80 	   1.97 	   6.37 	      0 	   11.9 
  115.367	    ARR	    85 	   1.97 	   6.37 	      0 	   11.9 
  116.281	    ARR	    86 	   1.97 	   6.37 	      0 	   11.9 
  116.694	   COOK	    79 	   1.97 	   6.37 	      0 	   11.9 
  116.694	 TOPPING	    81 	   1.97 	   6.37 	      0 	   11.9 
  116.960	    ARR	    87 	   1.97 	   6.37 	      0 	   11.9 
  117.085	   COOK	    80 	   1.97 	   6.37 	      0 	   11.9 
  117.085	 TOPPING	    82 	   1.97 	   6.37 	      0 	   11.9 
  118.973	  READY	    76 	   1.97 	   6.37 	      0 	   11.9 
  118.973	 FINISH	    76 	   1.97 	   6.37 	      0 	   11.9 
  119.085	  READY	    77 	   1.97 	   6.37 	      0 	   11.9 
  119.085	 FINISH	    77 	   1.97 	   6.37 	      0 	   11.9 
  119.185	   COOK	    81 	   1.97 	   6.37 	      0 	   11.9 
  119.185	 TOPPING	    83 	   1.97 	   6.37 	      0 	   11.9 
  119.276	 DELIVER	    76 	  0.806 	   5.85 	      0 	   11.9 
  119.487	  READY	    78 	  0.806 	   5.85 	      0 	   11.9 
  119.487	 FINISH	    78 	  0.806 	   5.85 	      0 	   11.9 
  119.606	 DELIVER	    77 	  0.978 	   5.93 	      0 	   11.9 
  119.637	    ARR	    88 	  0.978 	   5.93 	      0 	   11.9 
  119.771	   COOK	    82 	  0.978 	   5.93 	      0 	   11.9 
  119.771	 TOPPING	    84 	  0.978 	   5.93 	      0 	   11.9 
  120.020	  READY	    79 	  0.978 	   5.93 	      0 	   11.9 
  120.020	 FINISH	    79 	  0.978 	   5.93 	      0 	   11.9 
  120.322	   COOK	    83 	  0.978 	   5.93 	      0 	   11.9 
  120.322	 TOPPING	    85 	  0.978 	   5.93 	      0 	   17.2 
  120.363	    ARR	    89 	  0.978 	   5.93 	      0 	   17.2 
  120.386	  READY	    80 	  0.978 	   5.93 	      0 	   17.2 
  120.656	 DELIVER	    78 	  0.699 	   6.56 	      0 	   17.2 
  120.656	 FINISH	    80 	  0.699 	   6.56 	      0 	   17.2 
  120.707	    ARR	    90 	  0.699 	   6.56 	      0 	   17.2 
  120.882	    ARR	    91 	  0.699 	   6.56 	      0 	   17.2 
  121.125	    ARR	    92 	  0.699 	   6.56 	      0 	   17.2 
  121.636	    ARR	    93 	  0.699 	   6.56 	      0 	   17.2 
  121.741	 DELIVER	    79 	   2.46 	   7.74 	      0 	   17.2 
  121.787	 DELIVER	    80 	   1.74 	   7.39 	      0 	   17.2 
  121.831	    ARR	    94 	   1.74 	   7.39 	      0 	   17.2 
  121.992	    ARR	    95 	   1.74 	   7.39 	      0 	   17.2 
  122.061	   COOK	    84 	   1.74 	   7.39 	      0 	   17.2 
  122.061	 TOPPING	    86 	   1.74 	   7.39 	      0 	   17.2 
  123.200	   COOK	    85 	   1.74 	   7.39 	      0 	   17.2 
  123.200	 TOPPING	    87 	   1.74 	   7.39 	      0 	   17.2 
  123.688	    ARR	    96 	   1.74 	   7.39 	      0 	   17.2 
  124.207	    ARR	    97 	   1.74 	   7.39 	      0 	   17.2 
  124.289	   COOK	    86 	   1.74 	   7.39 	      0 	   17.2 
  124.289	 TOPPING	    88 	   1.74 	   7.39 	      0 	   17.2 
  124.384	   COOK	    87 	   1.74 	   7.39 	      0 	   17.2 
  124.384	 TOPPING	    89 	   1.74 	   7.39 	      0 	   17.2 
  124.586	    ARR	    98 	   1.74 	   7.39 	      0 	   17.2 
  124.830	  READY	    81 	   1.74 	   7.39 	      0 	   17.2 
  124.830	 FINISH	    81 	   1.74 	   7.39 	      0 	   17.2 
  124.924	  READY	    82 	   1.74 	   7.39 	      0 	   17.2 
  124.924	 FINISH	    82 	   1.74 	   7.39 	      0 	   17.2 
  125.009	  READY	    83 	   1.74 	   7.39 	      0 	   17.2 
  125.782	 DELIVER	    81 	   2.49 	   11.4 	      0 	   17.2 
  125.782	 FINISH	    83 	   2.49 	   11.4 	      0 	   17.2 
  125.982	  READY	    84 	   2.49 	   11.4 	      0 	   17.2 
  126.032	   COOK	    88 	   2.49 	   11.4 	      0 	   17.2 
  126.032	 TOPPING	    90 	   2.49 	   11.4 	      0 	   17.2 
  126.094	 DELIVER	    82 	   2.69 	   11.5 	      0 	   17.2 
  126.094	 FINISH	    84 	   2.69 	   11.5 	      0 	   17.2 
  126.395	 DELIVER	    83 	   1.14 	   11.4 	      0 	   17.2 
  127.159	    ARR	    99 	   1.14 	   11.4 	      0 	   17.2 
  127.307	   COOK	    89 	   1.14 	   11.4 	      0 	   17.2 
  127.307	 TOPPING	    91 	   1.14 	   11.4 	      0 	   17.2 
  127.747	  READY	    85 	   1.14 	   11.4 	      0 	   17.2 
  127.747	 FINISH	    85 	   1.14 	   11.4 	      0 	   17.2 
  127.754	    ARR	   100 	   1.14 	   11.4 	      0 	   17.2 
  127.762	   COOK	    90 	   1.14 	   11.4 	      0 	   17.2 
  127.762	 TOPPING	    92 	   1.14 	   11.4 	      0 	   17.2 
  127.817	 DELIVER	    84 	   2.29 	   12.7 	      0 	   17.2 
  128.463	    ARR	   101 	   2.29 	   12.7 	      0 	   17.2 
  128.873	   COOK	    91 	   2.29 	   12.7 	      0 	   17.2 
  128.873	 TOPPING	    93 	   2.29 	   12.7 	      0 	   17.2 
  128.939	  READY	    86 	   2.29 	   12.7 	      0 	   17.2 
  128.939	 FINISH	    86 	   2.29 	   12.7 	      0 	   17.2 
  128.982	  READY	    87 	   2.29 	   12.7 	      0 	   17.2 
  129.322	 DELIVER	    85 	   2.32 	     13 	      0 	   17.2 
  129.322	 FINISH	    87 	   2.32 	     13 	      0 	   17.2 
  129.366	 DELIVER	    86 	   1.09 	   12.4 	      0 	   17.2 
  129.828	    ARR	   102 	   1.09 	   12.4 	      0 	   17.2 
  129.862	 DELIVER	    87 	   2.88 	   14.5 	      0 	   17.2 
  129.961	   COOK	    92 	   2.88 	   14.5 	      0 	   17.2 
  129.961	 TOPPING	    94 	   2.88 	   14.5 	      0 	   17.2 
  130.412	  READY	    88 	   2.88 	   14.5 	      0 	   17.2 
  130.412	 FINISH	    88 	   2.88 	   14.5 	      0 	   17.2 
  130.690	    ARR	   103 	   2.88 	   14.5 	      0 	   17.2 
  131.194	   COOK	    93 	   2.88 	   14.5 	      0 	   17.2 
  131.194	 TOPPING	    95 	   2.88 	   14.5 	      0 	   17.2 
  131.464	 DELIVER	    88 	   2.92 	   11.1 	      0 	   17.2 
  131.636	  READY	    89 	   2.92 	   11.1 	      0 	   17.2 
  131.636	 FINISH	    89 	   2.92 	   11.1 	      0 	   17.2 
  131.668	 DELIVER	    89 	   1.74 	     12 	      0 	   17.2 
  131.732	    ARR	   104 	   1.74 	     12 	      0 	   17.2 
  132.087	  READY	    90 	   1.74 	     12 	      0 	   17.2 
  132.087	 FINISH	    90 	   1.74 	     12 	      0 	   17.2 
  132.179	   COOK	    94 	   1.74 	     12 	      0 	   17.2 
  132.179	 TOPPING	    96 	   1.74 	     12 	      0 	   17.2 
  132.193	   COOK	    95 	   1.74 	     12 	      0 	   17.2 
  132.193	 TOPPING	    97 	   1.74 	     12 	   10.6 	   17.2 
  132.517	    ARR	   105 	   1.74 	     12 	   10.6 	   17.2 
  132.686	    ARR	   106 	   1.74 	     12 	   10.6 	   17.2 
  132.689	  READY	    91 	   1.74 	     12 	   10.6 	   17.2 
  132.689	 FINISH	    91 	   1.74 	     12 	   10.6 	   17.2 
  132.789	   COOK	    96 	   1.74 	     12 	   10.6 	   17.2 
  132.789	 TOPPING	    98 	   1.74 	     12 	   10.6 	   17.2 
  133.535	  READY	    92 	   1.74 	     12 	   10.6 	   17.2 
  133.607	    ARR	   107 	   1.74 	     12 	   10.6 	   17.2 
  133.879	 DELIVER	    90 	  0.454 	     13 	   10.6 	   17.2 
  133.879	 FINISH	    92 	  0.454 	     13 	   10.6 	   17.2 
  134.361	    ARR	   108 	  0.454 	     13 	   10.6 	   17.2 
  134.403	   COOK	    97 	  0.454 	     13 	   10.6 	   17.2 
  134.403	 TOPPING	    99 	  0.454 	     13 	   10.6 	   17.2 
  134.519	    ARR	   109 	  0.454 	     13 	   10.6 	   17.2 
  135.129	   COOK	    98 	  0.454 	     13 	   10.6 	   17.2 
  135.129	 TOPPING	   100 	  0.454 	     13 	   10.6 	   17.2 
  135.206	 DELIVER	    91 	   2.84 	   14.5 	   10.6 	   17.2 
  135.309	  READY	    93 	   2.84 	   14.5 	   10.6 	   17.2 
  135.309	 FINISH	    93 	   2.84 	   14.5 	   10.6 	   17.2 
  135.368	  READY	    94 	   2.84 	   14.5 	   10.6 	   17.2 
  135.610	    ARR	   110 	   2.84 	   14.5 	   10.6 	   17.2 
  135.721	    ARR	   111 	   2.84 	   14.5 	   10.6 	   17.2 
  135.774	   COOK	    99 	   2.84 	   14.5 	   10.6 	   17.2 
  135.774	 TOPPING	   101 	   2.84 	   14.5 	   10.6 	   17.2 
  136.022	    ARR	   112 	   2.84 	   14.5 	   10.6 	   17.2 
  136.090	 DELIVER	    92 	    2.2 	     15 	   10.6 	   17.2 
  136.090	 FINISH	    94 	    2.2 	     15 	   10.6 	   17.2 
  136.219	 DELIVER	    93 	   2.22 	   14.4 	   10.6 	   17.2 
  136.550	  READY	    95 	   2.22 	   14.4 	   10.6 	   17.2 
  136.550	 FINISH	    95 	   2.22 	   14.4 	   10.6 	   17.2 
  136.678	    ARR	   113 	   2.22 	   14.4 	   10.6 	   17.2 
  136.714	 DELIVER	    94 	   2.32 	   15.1 	   10.6 	   17.2 
  136.783	  READY	    96 	   2.32 	   15.1 	   10.6 	   17.2 
  136.783	 FINISH	    96 	   2.32 	   15.1 	   10.6 	   17.2 
  136.807	 DELIVER	    95 	   0.61 	   13.1 	   10.6 	   17.2 
  137.009	   COOK	   100 	   0.61 	   13.1 	   10.6 	   17.2 
  137.009	 TOPPING	   102 	   0.61 	   13.1 	   10.6 	   17.2 
  137.075	 DELIVER	    96 	  0.999 	   15.1 	   10.6 	   17.2 
  137.206	    ARR	   114 	  0.999 	   15.1 	   10.6 	   17.2 
  137.496	    ARR	   115 	  0.999 	   15.1 	   10.6 	   17.2 
  137.525	  READY	    97 	  0.999 	   15.1 	   10.6 	   17.2 
  137.525	 FINISH	    97 	  0.999 	   15.1 	   10.6 	   17.2 
  137.839	    ARR	   116 	  0.999 	   15.1 	   10.6 	   17.2 
  137.883	 DELIVER	    97 	   1.61 	   13.3 	   10.6 	   17.2 
  138.336	   COOK	   101 	   1.61 	   13.3 	   10.6 	   17.2 
  138.336	 TOPPING	   103 	   1.61 	   13.3 	   10.6 	   17.2 
  139.085	   COOK	   102 	   1.61 	   13.3 	   10.6 	   17.2 
  139.085	 TOPPING	   104 	   1.61 	   13.3 	   10.6 	   17.2 
  139.682	    ARR	   117 	   1.61 	   13.3 	   10.6 	   17.2 
  139.704	  READY	    98 	   1.61 	   13.3 	   10.6 	   17.2 
  139.704	 FINISH	    98 	   1.61 	   13.3 	   10.6 	   17.2 
  140.243	 DELIVER	    98 	   2.94 	     16 	   10.6 	   17.2 
  141.196	    ARR	   118 	   2.94 	     16 	   10.6 	   17.2 
  141.256	   COOK	   103 	   2.94 	     16 	   10.6 	   17.2 
  141.256	 TOPPING	   105 	   2.94 	     16 	   10.6 	   17.2 
  141.339	   COOK	   104 	   2.94 	     16 	   10.6 	   17.2 
  141.339	 TOPPING	   106 	   2.94 	     16 	   10.6 	   17.2 
  141.365	  READY	    99 	   2.94 	     16 	   10.6 	   17.2 
  141.365	 FINISH	    99 	   2.94 	     16 	   10.6 	   17.2 
  141.692	  READY	   100 	   2.94 	     16 	   10.6 	   17.2 
  141.692	 FINISH	   100 	   2.94 	     16 	   10.6 	   17.2 
  141.714	 DELIVER	    99 	   2.56 	   13.3 	   10.6 	   17.2 
  141.732	 DELIVER	   100 	  0.646 	     14 	   10.6 	   17.2 
  142.106	   COOK	   105 	  0.646 	     14 	   10.6 	   17.2 
  142.106	 TOPPING	   107 	  0.646 	     14 	   10.6 	   17.2 
  142.388	  READY	   101 	  0.646 	     14 	   10.6 	   17.2 
  142.388	 FINISH	   101 	  0.646 	     14 	   10.6 	   17.2 
  142.474	   COOK	   106 	  0.646 	     14 	   10.6 	   17.2 
  142.474	 TOPPING	   108 	  0.646 	     14 	   10.6 	   17.2 
  143.082	 DELIVER	   101 	   2.61 	   15.9 	   10.6 	   17.2 
  144.120	   COOK	   107 	   2.61 	   15.9 	   10.6 	   17.2 
  144.120	 TOPPING	   109 	   2.61 	   15.9 	   10.6 	   17.2 
  144.234	  READY	   102 	   2.61 	   15.9 	   10.6 	   17.2 
  144.234	 FINISH	   102 	   2.61 	   15.9 	   10.6 	   17.2 
  144.424	    ARR	   119 	   2.61 	   15.9 	   10.6 	   17.2 
  144.560	   COOK	   108 	   2.61 	   15.9 	   10.6 	   17.2 
  144.560	 TOPPING	   110 	   2.61 	   15.9 	   10.6 	   17.2 
  145.259	  READY	   103 	   2.61 	   15.9 	   10.6 	   17.2 
  145.259	 FINISH	   103 	   2.61 	   15.9 	   10.6 	   17.2 
  145.262	   COOK	   109 	   2.61 	   15.9 	   10.6 	   17.2 
  145.262	 TOPPING	   111 	   2.61 	   15.9 	   10.6 	   17.2 
  145.694	   COOK	   110 	   2.61 	   15.9 	   10.6 	   17.2 
  145.694	 TOPPING	   112 	   2.61 	   15.9 	   23.7 	   17.2 
  145.792	    ARR	   120 	   2.61 	   15.9 	   23.7 	   17.2 
  145.836	   COOK	   111 	   2.61 	   15.9 	   23.7 	   17.2 
  145.836	 TOPPING	   113 	   2.61 	   15.9 	   23.8 	   17.2 
  146.113	  READY	   104 	   2.61 	   15.9 	   23.8 	   17.2 
  146.172	 DELIVER	   102 	   2.08 	   16.3 	   23.8 	   17.2 
  146.172	 FINISH	   104 	   2.08 	   16.3 	   23.8 	   17.2 
  146.299	   COOK	   112 	   2.08 	   16.3 	   23.8 	   17.2 
  146.299	 TOPPING	   114 	   2.08 	   16.3 	   23.8 	   17.2 
  146.619	 DELIVER	   103 	   0.85 	   14.1 	   23.8 	   17.2 
  146.775	  READY	   105 	   0.85 	   14.1 	   23.8 	   17.2 
  146.775	 FINISH	   105 	   0.85 	   14.1 	   23.8 	   17.2 
  146.856	 DELIVER	   104 	   2.92 	   16.2 	   23.8 	   17.2 
  147.188	  READY	   106 	   2.92 	   16.2 	   23.8 	   17.2 
  147.188	 FINISH	   106 	   2.92 	   16.2 	   23.8 	   17.2 
  147.640	    ARR	   121 	   2.92 	   16.2 	   23.8 	   17.2 
  147.668	  READY	   107 	   2.92 	   16.2 	   23.8 	   17.2 
  147.823	 DELIVER	   105 	   2.25 	   16.1 	   23.8 	   17.2 
  147.823	 FINISH	   107 	   2.25 	   16.1 	   23.8 	   17.2 
  148.147	   COOK	   113 	   2.25 	   16.1 	   23.8 	   17.2 
  148.147	 TOPPING	   115 	   2.25 	   16.1 	   23.8 	   17.2 
  148.180	   COOK	   114 	   2.25 	   16.1 	   23.8 	   17.2 
  148.180	 TOPPING	   116 	   2.25 	   16.1 	   23.8 	   17.2 
  148.632	  READY	   108 	   2.25 	   16.1 	   23.8 	   17.2 
  149.404	 DELIVER	   106 	   1.14 	   16.7 	   23.8 	   17.2 
  149.404	 FINISH	   108 	   1.14 	   16.7 	   23.8 	   17.2 
  149.788	  READY	   109 	   1.14 	   16.7 	   23.8 	   17.2 
  150.061	  READY	   110 	   1.14 	   16.7 	   23.8 	   17.2 
  150.288	  READY	   111 	   1.14 	   16.7 	   23.8 	   17.2 
  150.573	   COOK	   115 	   1.14 	   16.7 	   23.8 	   17.2 
  150.573	 TOPPING	   117 	   1.14 	   16.7 	   23.8 	   17.2 
  150.667	 DELIVER	   107 	   1.65 	   16.3 	   23.8 	   17.2 
  150.667	 FINISH	   109 	   1.65 	   16.3 	   23.8 	   17.2 
  150.760	   COOK	   116 	   1.65 	   16.3 	   23.8 	   17.2 
  150.760	 TOPPING	   118 	   1.65 	   16.3 	   23.8 	   47.6 
  150.952	   COOK	   117 	   1.65 	   16.3 	   23.8 	   47.6 
  150.952	 TOPPING	   119 	   1.65 	   16.3 	   23.8 	   47.6 
  151.105	 DELIVER	   108 	   2.45 	   17.5 	   23.8 	   47.6 
  151.105	 FINISH	   110 	   2.45 	   17.5 	   23.8 	   47.6 
  151.121	 DELIVER	   109 	   1.72 	   16.6 	   23.8 	   47.6 
  151.121	 FINISH	   111 	   1.72 	   16.6 	   23.8 	   47.6 
  151.209	 DELIVER	   110 	  0.433 	   15.5 	   23.8 	   47.6 
  151.220	  READY	   112 	  0.433 	   15.5 	   23.8 	   47.6 
  151.220	 FINISH	   112 	  0.433 	   15.5 	   23.8 	   47.6 
  151.492	    ARR	   122 	  0.433 	   15.5 	   23.8 	   47.6 
  151.881	  READY	   113 	  0.433 	   15.5 	   23.8 	   47.6 
  152.321	   COOK	   118 	  0.433 	   15.5 	   23.8 	   47.6 
  152.321	 TOPPING	   120 	  0.433 	   15.5 	   23.8 	   47.6 
  152.457	   COOK	   119 	  0.433 	   15.5 	   23.8 	   47.6 
  152.457	 TOPPING	   121 	  0.433 	   15.5 	   23.8 	   47.6 
  152.601	 DELIVER	   111 	  0.702 	     17 	   23.8 	   47.6 
  152.601	 FINISH	   113 	  0.702 	     17 	   23.8 	   47.6 
  152.875	    ARR	   123 	  0.702 	     17 	   23.8 	   47.6 
  152.913	  READY	   114 	  0.702 	     17 	   23.8 	   47.6 
  153.063	   COOK	   120 	  0.702 	     17 	   23.8 	   47.6 
  153.063	 TOPPING	   122 	  0.702 	     17 	   23.8 	   47.6 
  153.318	 DELIVER	   112 	   1.88 	   16.1 	   23.8 	   47.6 
  153.318	 FINISH	   114 	   1.88 	   16.1 	   23.8 	   47.6 
  153.333	 DELIVER	   113 	   2.45 	   17.3 	   23.8 	   47.6 
  154.158	   COOK	   121 	   2.45 	   17.3 	   23.8 	   47.6 
  154.158	 TOPPING	   123 	   2.45 	   17.3 	   23.8 	   47.6 
  154.254	  READY	   115 	   2.45 	   17.3 	   23.8 	   47.6 
  154.254	 FINISH	   115 	   2.45 	   17.3 	   23.8 	   47.6 
  154.272	  READY	   116 	   2.45 	   17.3 	   23.8 	   47.6 
  154.387	 DELIVER	   114 	  0.433 	    139 	   23.8 	   47.6 
  154.387	 FINISH	   116 	  0.433 	    139 	   23.8 	   47.6 
  154.568	 DELIVER	   115 	  0.379 	   14.9 	   23.8 	   47.6 
  154.826	    ARR	   124 	  0.379 	   14.9 	   23.8 	   47.6 
  155.074	 DELIVER	   116 	   2.39 	   17.2 	   23.8 	   47.6 
  155.269	   COOK	   122 	   2.39 	   17.2 	   23.8 	   47.6 
  155.269	 TOPPING	   124 	   2.39 	   17.2 	   23.8 	   47.6 
  156.043	  READY	   117 	   2.39 	   17.2 	   23.8 	   47.6 
  156.043	 FINISH	   117 	   2.39 	   17.2 	   23.8 	   47.6 
  156.132	  READY	   118 	   2.39 	   17.2 	   23.8 	   47.6 
  156.132	 FINISH	   118 	   2.39 	   17.2 	   23.8 	   47.6 
  156.187	 DELIVER	   117 	   1.51 	   11.8 	   23.8 	   47.6 
  156.189	 DELIVER	   118 	   1.56 	     15 	   23.8 	   47.6 
  156.647	  READY	   119 	   1.56 	     15 	   23.8 	   47.6 
  156.647	 FINISH	   119 	   1.56 	     15 	   23.8 	   47.6 
  156.707	   COOK	   123 	   1.56 	     15 	   23.8 	   47.6 
  156.769	   COOK	   124 	   1.56 	     15 	   23.8 	   47.6 
  157.223	 DELIVER	   119 	   2.61 	   19.7 	   23.8 	   47.6 
  158.146	  READY	   120 	   2.61 	   19.7 	   23.8 	   47.6 
  158.146	 FINISH	   120 	   2.61 	   19.7 	   23.8 	   47.6 
  158.536	  READY	   121 	   2.61 	   19.7 	   23.8 	   47.6 
  158.536	 FINISH	   121 	   2.61 	   19.7 	   23.8 	   47.6 
  159.137	 DELIVER	   120 	  0.606 	   11.5 	   23.8 	   47.6 
  159.441	    ARR	   125 	  0.606 	   11.5 	   23.8 	   47.6 
  159.441	 TOPPING	   125 	  0.606 	   11.5 	   23.8 	   47.6 
  160.506	  READY	   122 	  0.606 	   11.5 	   23.8 	   47.6 
  160.506	 FINISH	   122 	  0.606 	   11.5 	   23.8 	   47.6 
  160.737	  READY	   123 	  0.606 	   11.5 	   23.8 	   47.6 
  161.053	 DELIVER	   121 	   1.84 	   15.3 	   23.8 	   47.6 
  161.053	 FINISH	   123 	   1.84 	   15.3 	   23.8 	   47.6 
  161.216	 DELIVER	   122 	   2.21 	   9.72 	   23.8 	   47.6 
  161.915	 DELIVER	   123 	    1.5 	   7.09 	   23.8 	   47.6 
  162.258	   COOK	   125 	    1.5 	   7.09 	   23.8 	   47.6 
  162.464	  READY	   124 	    1.5 	   7.09 	   23.8 	   47.6 
  162.464	 FINISH	   124 	    1.5 	   7.09 	   23.8 	   47.6 
  162.490	 DELIVER	   124 	   2.55 	   9.61 	   23.8 	   47.6 
  167.487	  READY	   125 	   2.55 	   9.61 	   23.8 	   47.6 
  167.487	 FINISH	   125 	   2.55 	   9.61 	   23.8 	   47.6 
  167.879	 DELIVER	   125 	   2.82 	   8.44 	   23.8 	   47.6 
  169.301	    ARR	   126 	   2.82 	   8.44 	   23.8 	   47.6 
  169.301	 TOPPING	   126 	   2.82 	   8.44 	   23.8 	   47.6 
  172.155	   COOK	   126 	   2.82 	   8.44 	   23.8 	   47.6 
  172.657	    ARR	   127 	   2.82 	   8.44 	   23.8 	   47.6 
  172.657	 TOPPING	   127 	   2.82 	   8.44 	   23.8 	   47.6 
  173.149	    ARR	   128 	   2.82 	   8.44 	   23.8 	   47.6 
  173.149	 TOPPING	   128 	   2.82 	   8.44 	   23.8 	   47.6 
  173.591	    ARR	   129 	   2.82 	   8.44 	   23.8 	   47.6 
  173.829	    ARR	   130 	   2.82 	   8.44 	   23.8 	   47.6 
  175.601	   COOK	   127 	   2.82 	   8.44 	   23.8 	   47.6 
  175.601	 TOPPING	   129 	   2.82 	   8.44 	   23.8 	   47.6 
  175.797	   COOK	   128 	   2.82 	   8.44 	   23.8 	   47.6 
  175.797	 TOPPING	   130 	   2.82 	   8.44 	   23.8 	   47.6 
  176.916	  READY	   126 	   2.82 	   8.44 	   23.8 	   47.6 
  176.916	 FINISH	   126 	   2.82 	   8.44 	   23.8 	   47.6 
  177.176	   COOK	   129 	   2.82 	   8.44 	   23.8 	   47.6 
  177.388	    ARR	   131 	   2.82 	   8.44 	   23.8 	   47.6 
  177.388	 TOPPING	   131 	   2.82 	   8.44 	   23.8 	   47.6 
  177.660	 DELIVER	   126 	   2.85 	   8.36 	   23.8 	   47.6 
  177.979	   COOK	   130 	   2.85 	   8.36 	   23.8 	   47.6 
  178.414	   COOK	   131 	   2.85 	   8.36 	   23.8 	   47.6 
  180.000	   STOP	     1 	   2.85 	   8.36 	   23.8 	   47.6 
  180.245	  READY	   127 	   2.85 	   8.36 	   23.8 	   47.6 
  180.245	 FINISH	   127 	   2.85 	   8.36 	   23.8 	   47.6 
  180.419	 DELIVER	   127 	   2.65 	   7.27 	   23.8 	   47.6 
  180.587	  READY	   128 	   2.65 	   7.27 	   23.8 	   47.6 
  180.587	 FINISH	   128 	   2.65 	   7.27 	   23.8 	   47.6 
  181.262	 DELIVER	   128 	   2.94 	   8.61 	   23.8 	   47.6 
  181.620	  READY	   129 	   2.94 	   8.61 	   23.8 	   47.6 
  181.620	 FINISH	   129 	   2.94 	   8.61 	   23.8 	   47.6 
  181.959	 DELIVER	   129 	   1.03 	   4.57 	   23.8 	   47.6 
  182.638	  READY	   130 	   1.03 	   4.57 	   23.8 	   47.6 
  182.638	 FINISH	   130 	   1.03 	   4.57 	   23.8 	   47.6 
  182.964	 DELIVER	   130 	   1.57 	   9.37 	   23.8 	   47.6 
  183.904	  READY	   131 	   1.57 	   9.37 	   23.8 	   47.6 
  183.904	 FINISH	   131 	   1.57 	   9.37 	   23.8 	   47.6 
  186.119	 DELIVER	   131 	   2.18 	   12.3 	   23.8 	   47.6 
SUMMARY STATISTICS
SERVICE[ID[7]]:
 Time Ave. = 	  2.033 Time Sample Var. =	 0.4138
 Event Ave. =	  1.913 Event Sample Var. =	 0.5541
 Minimum =	0.01073
 Maximum =	  2.944
SYSTEM[ID[7]]:
 Time Ave. = 	  10.78 Time Sample Var. =	  66.59
 Event Ave. =	  12.07 Event Sample Var. =	  139.2
 Minimum =	0.01073
 Maximum =	  138.9
RATIO[0]:
 Time Ave. = 	  9.938 Time Sample Var. =	  129.7
 Event Ave. =	  5.337 Event Sample Var. =	  83.71
 Minimum =	      0
 Maximum =	  23.78
RATIO[3]:
 Time Ave. = 	  22.05 Time Sample Var. =	  417.6
 Event Ave. =	  13.62 Event Sample Var. =	  220.8
 Minimum =	      0
 Maximum =	  47.64
