    Time	  Event	 Count	  SERVICE[ID[7]]	   SYSTEM[ID[7]]	        RATIO[0]	          RATIO[3] 
    0.000	   INIT	     1 	   1.78 	   8.28 	      0 	      0 
    0.068	    ARR	     1 	   1.78 	 0.0675 	      0 	      0 
    0.068	 TOPPING	     1 	 0.0675 	 0.0675 	      0 	      0 
    2.027	    ARR	     2 	 0.0675 	 0.0675 	      0 	      0 
    2.027	 TOPPING	     2 	 0.0675 	 0.0675 	      0 	      0 
    3.060	   COOK	     1 	   2.99 	 0.0675 	      0 	      0 
    3.506	   COOK	     2 	   2.99 	 0.0675 	      0 	      0 
    5.355	    ARR	     3 	   2.99 	 0.0675 	      0 	      0 
    5.355	 TOPPING	     3 	   2.99 	 0.0675 	      0 	      0 
    6.255	    ARR	     4 	   2.99 	 0.0675 	      0 	      0 
    6.255	 TOPPING	     4 	   2.99 	 0.0675 	      0 	      0 
    6.274	   COOK	     3 	   2.99 	 0.0675 	      0 	      0 
    7.423	   COOK	     4 	   2.99 	 0.0675 	      0 	      0 
    7.641	  READY	     1 	   2.99 	 0.0675 	      0 	      0 
    7.641	 FINISH	     1 	   2.99 	 0.0675 	      0 	      0 
    7.915	 DELIVER	     1 	   1.48 	   5.89 	      0 	      0 
    8.492	    ARR	     5 	   1.48 	   5.89 	      0 	      0 
    8.492	 TOPPING	     5 	   1.48 	   5.89 	      0 	      0 
    8.779	  READY	     2 	   1.48 	   5.89 	      0 	      0 
    8.779	 FINISH	     2 	   1.48 	   5.89 	      0 	      0 
    9.973	    ARR	     6 	   1.48 	   5.89 	      0 	      0 
    9.973	 TOPPING	     6 	   1.48 	   5.89 	      0 	      0 
   10.040	  READY	     3 	   1.48 	   5.89 	      0 	      0 
   10.040	 FINISH	     3 	   1.48 	   5.89 	      0 	      0 
   10.511	   COOK	     5 	   1.48 	   5.89 	      0 	      0 
   10.918	 DELIVER	     2 	   2.99 	   10.9 	      0 	      0 
   11.292	    ARR	     7 	   2.99 	   10.9 	      0 	      0 
   11.292	 TOPPING	     7 	   2.99 	   10.9 	      0 	      0 
   11.470	   COOK	     6 	   2.99 	   10.9 	      0 	      0 
   11.707	 DELIVER	     3 	  0.919 	   6.35 	      0 	      0 
   11.816	   COOK	     7 	  0.919 	   6.35 	      0 	      0 
   12.214	  READY	     4 	  0.919 	   6.35 	      0 	      0 
   12.214	 FINISH	     4 	  0.919 	   6.35 	      0 	      0 
   14.985	  READY	     5 	  0.919 	   6.35 	      0 	      0 
   14.985	 FINISH	     5 	  0.919 	   6.35 	      0 	      0 
   15.035	  READY	     6 	  0.919 	   6.35 	      0 	      0 
   15.245	  READY	     7 	  0.919 	   6.35 	      0 	      0 
   15.389	 DELIVER	     4 	   1.17 	   9.13 	      0 	      0 
   15.389	 FINISH	     6 	   1.17 	   9.13 	      0 	      0 
   15.427	 DELIVER	     5 	    1.5 	   5.45 	      0 	      0 
   15.427	 FINISH	     7 	    1.5 	   5.45 	      0 	      0 
   15.737	 DELIVER	     6 	  0.524 	   4.45 	      0 	      0 
   16.267	    ARR	     8 	  0.524 	   4.45 	      0 	      0 
   16.267	 TOPPING	     8 	  0.524 	   4.45 	      0 	      0 
   16.812	 DELIVER	     7 	    1.5 	   11.4 	      0 	      0 
   17.148	    ARR	     9 	    1.5 	   11.4 	      0 	      0 
   17.148	 TOPPING	     9 	    1.5 	   11.4 	      0 	      0 
   17.785	   COOK	     8 	    1.5 	   11.4 	      0 	      0 
   18.822	   COOK	     9 	    1.5 	   11.4 	      0 	      0 
   21.228	    ARR	    10 	    1.5 	   11.4 	      0 	      0 
   21.228	 TOPPING	    10 	    1.5 	   11.4 	      0 	      0 
   21.534	  READY	     8 	    1.5 	   11.4 	      0 	      0 
   21.534	 FINISH	     8 	    1.5 	   11.4 	      0 	      0 
   23.344	 DELIVER	     8 	   1.52 	   7.08 	      0 	      0 
   23.897	   COOK	    10 	   1.52 	   7.08 	      0 	      0 
   24.060	    ARR	    11 	   1.52 	   7.08 	      0 	      0 
   24.060	 TOPPING	    11 	   1.52 	   7.08 	      0 	      0 
   24.504	    ARR	    12 	   1.52 	   7.08 	      0 	      0 
   24.504	 TOPPING	    12 	   1.52 	   7.08 	      0 	      0 
   24.586	  READY	     9 	   1.52 	   7.08 	      0 	      0 
   24.586	 FINISH	     9 	   1.52 	   7.08 	      0 	      0 
   24.598	   COOK	    11 	   1.52 	   7.08 	      0 	      0 
   25.117	   COOK	    12 	   1.52 	   7.08 	      0 	      0 
   26.065	 DELIVER	     9 	   1.67 	   8.92 	      0 	      0 
   27.604	  READY	    10 	   1.67 	   8.92 	      0 	      0 
   27.604	 FINISH	    10 	   1.67 	   8.92 	      0 	      0 
   28.074	  READY	    11 	   1.67 	   8.92 	      0 	      0 
   28.074	 FINISH	    11 	   1.67 	   8.92 	      0 	      0 
   28.089	 DELIVER	    10 	  0.539 	   4.03 	      0 	      0 
   28.661	    ARR	    13 	  0.539 	   4.03 	      0 	      0 
   28.661	 TOPPING	    13 	  0.539 	   4.03 	      0 	      0 
   28.779	 DELIVER	    11 	  0.613 	   4.28 	      0 	      0 
   29.653	  READY	    12 	  0.613 	   4.28 	      0 	      0 
   29.653	 FINISH	    12 	  0.613 	   4.28 	      0 	      0 
   30.490	   COOK	    13 	  0.613 	   4.28 	      0 	      0 
   31.862	 DELIVER	    12 	   2.67 	   10.6 	      0 	      0 
   33.698	    ARR	    14 	   2.67 	   10.6 	      0 	      0 
   33.698	 TOPPING	    14 	   2.67 	   10.6 	      0 	      0 
   34.772	  READY	    13 	   2.67 	   10.6 	      0 	      0 
   34.772	 FINISH	    13 	   2.67 	   10.6 	      0 	      0 
   35.116	   COOK	    14 	   2.67 	   10.6 	      0 	      0 
   35.239	    ARR	    15 	   2.67 	   10.6 	      0 	      0 
   35.239	 TOPPING	    15 	   2.67 	   10.6 	      0 	      0 
   36.561	    ARR	    16 	   2.67 	   10.6 	      0 	      0 
   36.561	 TOPPING	    16 	   2.67 	   10.6 	      0 	      0 
   36.755	 DELIVER	    13 	   1.83 	   8.09 	      0 	      0 
   36.873	    ARR	    17 	   1.83 	   8.09 	      0 	      0 
   37.841	   COOK	    15 	   1.83 	   8.09 	      0 	      0 
   37.841	 TOPPING	    17 	   1.83 	   8.09 	      0 	      0 
   38.930	   COOK	    16 	   1.83 	   8.09 	      0 	      0 
   39.254	   COOK	    17 	   1.83 	   8.09 	      0 	      0 
   39.502	  READY	    14 	   1.83 	   8.09 	      0 	      0 
   39.502	 FINISH	    14 	   1.83 	   8.09 	      0 	      0 
   39.612	 DELIVER	    14 	   1.42 	   5.91 	      0 	      0 
   40.252	    ARR	    18 	   1.42 	   5.91 	      0 	      0 
   40.252	 TOPPING	    18 	   1.42 	   5.91 	      0 	      0 
   42.575	   COOK	    18 	   1.42 	   5.91 	      0 	      0 
   42.752	    ARR	    19 	   1.42 	   5.91 	      0 	      0 
   42.752	 TOPPING	    19 	   1.42 	   5.91 	      0 	      0 
   43.065	  READY	    15 	   1.42 	   5.91 	      0 	      0 
   43.065	 FINISH	    15 	   1.42 	   5.91 	      0 	      0 
   43.201	   COOK	    19 	   1.42 	   5.91 	      0 	      0 
   43.270	 DELIVER	    15 	    2.6 	   8.03 	      0 	      0 
   43.675	  READY	    16 	    2.6 	   8.03 	      0 	      0 
   43.675	 FINISH	    16 	    2.6 	   8.03 	      0 	      0 
   44.434	  READY	    17 	    2.6 	   8.03 	      0 	      0 
   44.434	 FINISH	    17 	    2.6 	   8.03 	      0 	      0 
   44.724	 DELIVER	    16 	   2.37 	   8.16 	      0 	      0 
   45.408	    ARR	    20 	   2.37 	   8.16 	      0 	      0 
   45.408	 TOPPING	    20 	   2.37 	   8.16 	      0 	      0 
   46.289	   COOK	    20 	   2.37 	   8.16 	      0 	      0 
   46.780	 DELIVER	    17 	   1.41 	   9.91 	      0 	      0 
   47.085	  READY	    18 	   1.41 	   9.91 	      0 	      0 
   47.085	 FINISH	    18 	   1.41 	   9.91 	      0 	      0 
   47.527	 DELIVER	    18 	   2.32 	   7.27 	      0 	      0 
   47.806	  READY	    19 	   2.32 	   7.27 	      0 	      0 
   47.806	 FINISH	    19 	   2.32 	   7.27 	      0 	      0 
   48.392	    ARR	    21 	   2.32 	   7.27 	      0 	      0 
   48.392	 TOPPING	    21 	   2.32 	   7.27 	      0 	      0 
   48.456	 DELIVER	    19 	  0.449 	    5.7 	      0 	      0 
   48.969	    ARR	    22 	  0.449 	    5.7 	      0 	      0 
   48.969	 TOPPING	    22 	  0.449 	    5.7 	      0 	      0 
   49.225	    ARR	    23 	  0.449 	    5.7 	      0 	      0 
   49.793	    ARR	    24 	  0.449 	    5.7 	      0 	      0 
   49.796	   COOK	    21 	  0.449 	    5.7 	      0 	      0 
   49.796	 TOPPING	    23 	  0.449 	    5.7 	      0 	      0 
   50.239	   COOK	    22 	  0.449 	    5.7 	      0 	      0 
   50.239	 TOPPING	    24 	  0.449 	    5.7 	      0 	      0 
   50.876	  READY	    20 	  0.449 	    5.7 	      0 	      0 
   50.876	 FINISH	    20 	  0.449 	    5.7 	      0 	      0 
   51.397	    ARR	    25 	  0.449 	    5.7 	      0 	      0 
   51.698	   COOK	    23 	  0.449 	    5.7 	      0 	      0 
   51.698	 TOPPING	    25 	  0.449 	    5.7 	      0 	      0 
   51.948	   COOK	    24 	  0.449 	    5.7 	      0 	      0 
   52.141	 DELIVER	    20 	  0.881 	   6.73 	      0 	      0 
   52.488	   COOK	    25 	  0.881 	   6.73 	      0 	      0 
   52.623	    ARR	    26 	  0.881 	   6.73 	      0 	      0 
   52.623	 TOPPING	    26 	  0.881 	   6.73 	      0 	      0 
   52.816	    ARR	    27 	  0.881 	   6.73 	      0 	      0 
   52.816	 TOPPING	    27 	  0.881 	   6.73 	      0 	      0 
   53.310	    ARR	    28 	  0.881 	   6.73 	      0 	      0 
   53.565	  READY	    21 	  0.881 	   6.73 	      0 	      0 
   53.565	 FINISH	    21 	  0.881 	   6.73 	      0 	      0 
   53.788	   COOK	    26 	  0.881 	   6.73 	      0 	      0 
   53.788	 TOPPING	    28 	  0.881 	   6.73 	      0 	      0 
   54.747	    ARR	    29 	  0.881 	   6.73 	      0 	      0 
   54.938	   COOK	    27 	  0.881 	   6.73 	      0 	      0 
   54.938	 TOPPING	    29 	  0.881 	   6.73 	      0 	      0 
   55.070	  READY	    22 	  0.881 	   6.73 	      0 	      0 
   55.070	 FINISH	    22 	  0.881 	   6.73 	      0 	      0 
   55.116	    ARR	    30 	  0.881 	   6.73 	      0 	      0 
   55.141	 DELIVER	    21 	   1.27 	   6.17 	      0 	      0 
   55.188	 DELIVER	    22 	    1.4 	    6.8 	      0 	      0 
   55.388	    ARR	    31 	    1.4 	    6.8 	      0 	      0 
   55.524	   COOK	    28 	    1.4 	    6.8 	      0 	      0 
   55.524	 TOPPING	    30 	    1.4 	    6.8 	      0 	      0 
   55.623	    ARR	    32 	    1.4 	    6.8 	      0 	      0 
   55.677	    ARR	    33 	    1.4 	    6.8 	      0 	      0 
   55.682	   COOK	    29 	    1.4 	    6.8 	      0 	      0 
   55.682	 TOPPING	    31 	    1.4 	    6.8 	      0 	      0 
   56.079	  READY	    23 	    1.4 	    6.8 	      0 	      0 
   56.079	 FINISH	    23 	    1.4 	    6.8 	      0 	      0 
   56.253	  READY	    24 	    1.4 	    6.8 	      0 	      0 
   56.253	 FINISH	    24 	    1.4 	    6.8 	      0 	      0 
   56.370	    ARR	    34 	    1.4 	    6.8 	      0 	      0 
   56.653	 DELIVER	    23 	  0.791 	   5.26 	      0 	      0 
   57.098	   COOK	    30 	  0.791 	   5.26 	      0 	      0 
   57.098	 TOPPING	    32 	  0.791 	   5.26 	      0 	      0 
   57.152	  READY	    25 	  0.791 	   5.26 	      0 	      0 
   57.152	 FINISH	    25 	  0.791 	   5.26 	      0 	      0 
   57.448	    ARR	    35 	  0.791 	   5.26 	      0 	      0 
   57.787	 DELIVER	    24 	   1.46 	   7.99 	      0 	      0 
   58.027	   COOK	    31 	   1.46 	   7.99 	      0 	      0 
   58.027	 TOPPING	    33 	   1.46 	   7.99 	      0 	      0 
   58.559	    ARR	    36 	   1.46 	   7.99 	      0 	      0 
   58.635	  READY	    26 	   1.46 	   7.99 	      0 	      0 
   58.635	 FINISH	    26 	   1.46 	   7.99 	      0 	      0 
   58.718	 DELIVER	    25 	   2.15 	   9.49 	      0 	      0 
   59.153	   COOK	    32 	   2.15 	   9.49 	      0 	      0 
   59.153	 TOPPING	    34 	   2.15 	   9.49 	      0 	      0 
   59.304	    ARR	    37 	   2.15 	   9.49 	      0 	      0 
   59.418	 DELIVER	    26 	  0.972 	    6.6 	      0 	      0 
   59.529	  READY	    27 	  0.972 	    6.6 	      0 	      0 
   59.529	 FINISH	    27 	  0.972 	    6.6 	      0 	      0 
   59.632	    ARR	    38 	  0.972 	    6.6 	      0 	      0 
   59.654	   COOK	    33 	  0.972 	    6.6 	      0 	      0 
   59.654	 TOPPING	    35 	  0.972 	    6.6 	      0 	 0.0227 
   59.756	  READY	    28 	  0.972 	    6.6 	      0 	 0.0227 
   59.756	 FINISH	    28 	  0.972 	    6.6 	      0 	 0.0227 
   59.768	    ARR	    39 	  0.972 	    6.6 	      0 	 0.0227 
   59.857	 DELIVER	    27 	  0.744 	   5.11 	      0 	 0.0227 
   60.063	    ARR	    40 	  0.744 	   5.11 	      0 	 0.0227 
   60.111	 DELIVER	    28 	   2.32 	   7.49 	      0 	 0.0227 
   60.182	   COOK	    34 	   2.32 	   7.49 	      0 	 0.0227 
   60.182	 TOPPING	    36 	   2.32 	   7.49 	      0 	 0.0227 
   60.547	  READY	    29 	   2.32 	   7.49 	      0 	 0.0227 
   60.547	 FINISH	    29 	   2.32 	   7.49 	      0 	 0.0227 
   61.290	  READY	    30 	   2.32 	   7.49 	      0 	 0.0227 
   61.290	 FINISH	    30 	   2.32 	   7.49 	      0 	 0.0227 
   61.412	 DELIVER	    29 	   1.57 	    6.3 	      0 	 0.0227 
   61.519	   COOK	    35 	   1.57 	    6.3 	      0 	 0.0227 
   61.519	 TOPPING	    37 	   1.57 	    6.3 	      0 	   1.77 
   61.997	    ARR	    41 	   1.57 	    6.3 	      0 	   1.77 
   62.003	   COOK	    36 	   1.57 	    6.3 	      0 	   1.77 
   62.003	 TOPPING	    38 	   1.57 	    6.3 	      0 	   1.78 
   62.086	    ARR	    42 	   1.57 	    6.3 	      0 	   1.78 
   62.337	  READY	    31 	   1.57 	    6.3 	      0 	   1.78 
   62.337	 FINISH	    31 	   1.57 	    6.3 	      0 	   1.78 
   63.058	 DELIVER	    30 	   2.06 	   7.44 	      0 	   1.78 
   63.205	   COOK	    37 	   2.06 	   7.44 	      0 	   1.78 
   63.205	 TOPPING	    39 	   2.06 	   7.44 	      0 	    2.9 
   63.276	  READY	    32 	   2.06 	   7.44 	      0 	    2.9 
   63.276	 FINISH	    32 	   2.06 	   7.44 	      0 	    2.9 
   63.282	 DELIVER	    31 	   1.74 	   9.97 	      0 	    2.9 
   63.449	   COOK	    38 	   1.74 	   9.97 	      0 	    2.9 
   63.449	 TOPPING	    40 	   1.74 	   9.97 	      0 	    2.9 
   63.646	  READY	    33 	   1.74 	   9.97 	      0 	    2.9 
   63.646	 FINISH	    33 	   1.74 	   9.97 	      0 	    2.9 
   63.674	 DELIVER	    32 	   2.34 	   8.29 	      0 	    2.9 
   63.926	 DELIVER	    33 	   1.63 	   8.25 	      0 	    2.9 
   64.048	    ARR	    43 	   1.63 	   8.25 	      0 	    2.9 
   64.387	   COOK	    39 	   1.63 	   8.25 	      0 	    2.9 
   64.387	 TOPPING	    41 	   1.63 	   8.25 	      0 	    2.9 
   64.806	    ARR	    44 	   1.63 	   8.25 	      0 	    2.9 
   64.938	   COOK	    40 	   1.63 	   8.25 	      0 	    2.9 
   64.938	 TOPPING	    42 	   1.63 	   8.25 	      0 	    2.9 
   65.284	  READY	    34 	   1.63 	   8.25 	      0 	    2.9 
   65.284	 FINISH	    34 	   1.63 	   8.25 	      0 	    2.9 
   65.328	   COOK	    41 	   1.63 	   8.25 	      0 	    2.9 
   65.328	 TOPPING	    43 	   1.63 	   8.25 	      0 	    2.9 
   65.360	    ARR	    45 	   1.63 	   8.25 	      0 	    2.9 
   65.483	  READY	    35 	   1.63 	   8.25 	      0 	    2.9 
   65.483	 FINISH	    35 	   1.63 	   8.25 	      0 	    2.9 
   66.152	  READY	    36 	   1.63 	   8.25 	      0 	    2.9 
   66.280	    ARR	    46 	   1.63 	   8.25 	      0 	    2.9 
   66.350	    ARR	    47 	   1.63 	   8.25 	      0 	    2.9 
   66.766	   COOK	    42 	   1.63 	   8.25 	      0 	    2.9 
   66.766	 TOPPING	    44 	   1.63 	   8.25 	      0 	   3.31 
   66.781	    ARR	    48 	   1.63 	   8.25 	      0 	   3.31 
   66.964	 DELIVER	    34 	  0.527 	   9.52 	      0 	   3.31 
   66.964	 FINISH	    36 	  0.527 	   9.52 	      0 	   3.31 
   67.032	    ARR	    49 	  0.527 	   9.52 	      0 	   3.31 
   67.206	 DELIVER	    35 	   2.37 	   10.8 	      0 	   3.31 
   67.238	 DELIVER	    36 	   1.69 	   7.93 	      0 	   3.31 
   67.332	   COOK	    43 	   1.69 	   7.93 	      0 	   3.31 
   67.332	 TOPPING	    45 	   1.69 	   7.93 	      0 	   3.31 
   67.371	    ARR	    50 	   1.69 	   7.93 	      0 	   3.31 
   67.670	  READY	    37 	   1.69 	   7.93 	      0 	   3.31 
   67.670	 FINISH	    37 	   1.69 	   7.93 	      0 	   3.31 
   67.927	  READY	    38 	   1.69 	   7.93 	      0 	   3.31 
   67.927	 FINISH	    38 	   1.69 	   7.93 	      0 	   3.31 
   68.003	 DELIVER	    37 	   1.18 	   8.23 	      0 	   3.31 
   68.029	   COOK	    44 	   1.18 	   8.23 	      0 	   3.31 
   68.029	 TOPPING	    46 	   1.18 	   8.23 	      0 	   3.31 
   68.370	  READY	    39 	   1.18 	   8.23 	      0 	   3.31 
   68.370	 FINISH	    39 	   1.18 	   8.23 	      0 	   3.31 
   68.466	    ARR	    51 	   1.18 	   8.23 	      0 	   3.31 
   69.036	  READY	    40 	   1.18 	   8.23 	      0 	   3.31 
   69.389	 DELIVER	    38 	   1.82 	   10.8 	      0 	   3.31 
   69.389	 FINISH	    40 	   1.82 	   10.8 	      0 	   3.31 
   69.584	 DELIVER	    39 	   1.49 	   9.52 	      0 	   3.31 
   69.664	   COOK	    45 	   1.49 	   9.52 	      0 	   3.31 
   69.664	 TOPPING	    47 	   1.49 	   9.52 	      0 	   3.31 
   69.966	  READY	    41 	   1.49 	   9.52 	      0 	   3.31 
   69.966	 FINISH	    41 	   1.49 	   9.52 	      0 	   3.31 
   70.149	   COOK	    46 	   1.49 	   9.52 	      0 	   3.31 
   70.149	 TOPPING	    48 	   1.49 	   9.52 	      0 	   6.68 
   70.267	  READY	    42 	   1.49 	   9.52 	      0 	   6.68 
   70.887	  READY	    43 	   1.49 	   9.52 	      0 	   6.68 
   70.934	    ARR	    52 	   1.49 	   9.52 	      0 	   6.68 
   71.196	 DELIVER	    40 	  0.941 	    9.2 	      0 	   6.68 
   71.196	 FINISH	    42 	  0.941 	    9.2 	      0 	   6.68 
   71.281	 DELIVER	    41 	   1.45 	   11.6 	      0 	   6.68 
   71.281	 FINISH	    43 	   1.45 	   11.6 	      0 	   6.68 
   71.834	   COOK	    47 	   1.45 	   11.6 	      0 	   6.68 
   71.834	 TOPPING	    49 	   1.45 	   11.6 	      0 	   7.58 
   71.874	 DELIVER	    42 	      2 	   7.83 	      0 	   7.58 
   72.991	   COOK	    48 	      2 	   7.83 	      0 	   7.58 
   72.991	 TOPPING	    50 	      2 	   7.83 	      0 	   7.58 
   73.325	  READY	    44 	      2 	   7.83 	      0 	   7.58 
   73.325	 FINISH	    44 	      2 	   7.83 	      0 	   7.58 
   73.708	 DELIVER	    43 	   1.83 	   11.6 	      0 	   7.58 
   73.981	   COOK	    49 	   1.83 	   11.6 	      0 	   7.58 
   73.981	 TOPPING	    51 	   1.83 	   11.6 	      0 	   7.58 
   74.094	   COOK	    50 	   1.83 	   11.6 	      0 	   7.58 
   74.094	 TOPPING	    52 	   1.83 	   11.6 	      0 	   7.58 
   74.274	    ARR	    53 	   1.83 	   11.6 	      0 	   7.58 
   74.378	    ARR	    54 	   1.83 	   11.6 	      0 	   7.58 
   74.537	   COOK	    51 	   1.83 	   11.6 	      0 	   7.58 
   74.537	 TOPPING	    53 	   1.83 	   11.6 	      0 	   7.58 
   74.562	  READY	    45 	   1.83 	   11.6 	      0 	   7.58 
   74.562	 FINISH	    45 	   1.83 	   11.6 	      0 	   7.58 
   74.753	    ARR	    55 	   1.83 	   11.6 	      0 	   7.58 
   74.912	    ARR	    56 	   1.83 	   11.6 	      0 	   7.58 
   75.617	  READY	    46 	   1.83 	   11.6 	      0 	   7.58 
   75.708	   COOK	    52 	   1.83 	   11.6 	      0 	   7.58 
   75.708	 TOPPING	    54 	   1.83 	   11.6 	      0 	   7.58 
   75.759	 DELIVER	    44 	   1.64 	   9.48 	      0 	   7.58 
   75.759	 FINISH	    46 	   1.64 	   9.48 	      0 	   7.58 
   75.975	  READY	    47 	   1.64 	   9.48 	      0 	   7.58 
   76.040	 DELIVER	    45 	   2.17 	   9.69 	      0 	   7.58 
   76.040	 FINISH	    47 	   2.17 	   9.69 	      0 	   7.58 
   76.491	  READY	    48 	   2.17 	   9.69 	      0 	   7.58 
   76.583	    ARR	    57 	   2.17 	   9.69 	      0 	   7.58 
   76.744	    ARR	    58 	   2.17 	   9.69 	      0 	   7.58 
   76.889	   COOK	    53 	   2.17 	   9.69 	      0 	   7.58 
   76.889	 TOPPING	    55 	   2.17 	   9.69 	      0 	   7.73 
   77.507	 DELIVER	    46 	   1.26 	   12.7 	      0 	   7.73 
   77.507	 FINISH	    48 	   1.26 	   12.7 	      0 	   7.73 
   77.595	   COOK	    54 	   1.26 	   12.7 	      0 	   7.73 
   77.595	 TOPPING	    56 	   1.26 	   12.7 	      0 	   7.73 
   77.780	 DELIVER	    47 	   2.82 	   12.4 	      0 	   7.73 
   77.984	   COOK	    55 	   2.82 	   12.4 	      0 	   7.73 
   77.984	 TOPPING	    57 	   2.82 	   12.4 	      0 	   7.73 
   77.994	 DELIVER	    48 	   2.84 	   11.2 	      0 	   7.73 
   78.369	    ARR	    59 	   2.84 	   11.2 	      0 	   7.73 
   78.647	   COOK	    56 	   2.84 	   11.2 	      0 	   7.73 
   78.647	 TOPPING	    58 	   2.84 	   11.2 	      0 	   7.73 
   78.741	   COOK	    57 	   2.84 	   11.2 	      0 	   7.73 
   78.741	 TOPPING	    59 	   2.84 	   11.2 	      0 	   7.73 
   78.784	  READY	    49 	   2.84 	   11.2 	      0 	   7.73 
   78.784	 FINISH	    49 	   2.84 	   11.2 	      0 	   7.73 
   79.029	    ARR	    60 	   2.84 	   11.2 	      0 	   7.73 
   79.259	    ARR	    61 	   2.84 	   11.2 	      0 	   7.73 
   79.288	  READY	    50 	   2.84 	   11.2 	      0 	   7.73 
   79.288	 FINISH	    50 	   2.84 	   11.2 	      0 	   7.73 
   79.291	  READY	    51 	   2.84 	   11.2 	      0 	   7.73 
   79.422	   COOK	    58 	   2.84 	   11.2 	      0 	   7.73 
   79.422	 TOPPING	    60 	   2.84 	   11.2 	      0 	   7.73 
   79.846	 DELIVER	    49 	   2.15 	   12.8 	      0 	   7.73 
   79.846	 FINISH	    51 	   2.15 	   12.8 	      0 	   7.73 
   79.875	  READY	    52 	   2.15 	   12.8 	      0 	   7.73 
   80.084	    ARR	    62 	   2.15 	   12.8 	      0 	   7.73 
   80.144	   COOK	    59 	   2.15 	   12.8 	      0 	   7.73 
   80.144	 TOPPING	    61 	   2.15 	   12.8 	      0 	   7.73 
   80.489	 DELIVER	    50 	  0.443 	   9.56 	      0 	   7.73 
   80.489	 FINISH	    52 	  0.443 	   9.56 	      0 	   7.73 
   80.595	  READY	    53 	  0.443 	   9.56 	      0 	   7.73 
   80.690	 DELIVER	    51 	   1.17 	   6.42 	      0 	   7.73 
   80.690	 FINISH	    53 	   1.17 	   6.42 	      0 	   7.73 
   81.154	 DELIVER	    52 	  0.705 	    6.4 	      0 	   7.73 
   81.604	   COOK	    60 	  0.705 	    6.4 	      0 	   7.73 
   81.604	 TOPPING	    62 	  0.705 	    6.4 	      0 	   7.73 
   81.736	 DELIVER	    53 	    1.1 	   14.4 	      0 	   7.73 
   82.035	  READY	    54 	    1.1 	   14.4 	      0 	   7.73 
   82.035	 FINISH	    54 	    1.1 	   14.4 	      0 	   7.73 
   82.047	   COOK	    61 	    1.1 	   14.4 	      0 	   7.73 
   82.233	 DELIVER	    54 	  0.663 	   5.65 	      0 	   7.73 
   82.406	   COOK	    62 	  0.663 	   5.65 	      0 	   7.73 
   82.416	  READY	    55 	  0.663 	   5.65 	      0 	   7.73 
   82.416	 FINISH	    55 	  0.663 	   5.65 	      0 	   7.73 
   82.596	  READY	    56 	  0.663 	   5.65 	      0 	   7.73 
   82.596	 FINISH	    56 	  0.663 	   5.65 	      0 	   7.73 
   82.841	  READY	    57 	  0.663 	   5.65 	      0 	   7.73 
   83.186	 DELIVER	    55 	   2.28 	   8.81 	      0 	   7.73 
   83.186	 FINISH	    57 	   2.28 	   8.81 	      0 	   7.73 
   83.439	  READY	    58 	   2.28 	   8.81 	      0 	   7.73 
   84.797	  READY	    59 	   2.28 	   8.81 	      0 	   7.73 
   85.087	    ARR	    63 	   2.28 	   8.81 	      0 	   7.73 
   85.087	 TOPPING	    63 	   2.28 	   8.81 	      0 	   7.73 
   85.340	    ARR	    64 	   2.28 	   8.81 	      0 	   7.73 
   85.340	 TOPPING	    64 	   2.28 	   8.81 	      0 	   7.73 
   85.535	  READY	    60 	   2.28 	   8.81 	      0 	   7.73 
   85.569	 DELIVER	    56 	  0.681 	    7.2 	      0 	   7.73 
   85.569	 FINISH	    58 	  0.681 	    7.2 	      0 	   7.73 
   85.692	  READY	    61 	  0.681 	    7.2 	      0 	   7.73 
   85.918	   COOK	    63 	  0.681 	    7.2 	      0 	   7.73 
   86.560	  READY	    62 	  0.681 	    7.2 	      0 	   7.73 
   86.600	   COOK	    64 	  0.681 	    7.2 	      0 	   7.73 
   86.878	    ARR	    65 	  0.681 	    7.2 	      0 	   7.73 
   86.878	 TOPPING	    65 	  0.681 	    7.2 	      0 	   7.73 
   87.295	 DELIVER	    57 	    1.5 	   10.6 	      0 	   7.73 
   87.295	 FINISH	    59 	    1.5 	   10.6 	      0 	   7.73 
   87.416	    ARR	    66 	    1.5 	   10.6 	      0 	   7.73 
   87.416	 TOPPING	    66 	    1.5 	   10.6 	      0 	   7.73 
   87.654	 DELIVER	    58 	   2.91 	   19.2 	      0 	   7.73 
   87.654	 FINISH	    60 	   2.91 	   19.2 	      0 	   7.73 
   88.180	   COOK	    65 	   2.91 	   19.2 	      0 	   7.73 
   88.568	    ARR	    67 	   2.91 	   19.2 	      0 	   7.73 
   88.568	 TOPPING	    67 	   2.91 	   19.2 	      0 	   7.73 
   88.978	  READY	    63 	   2.91 	   19.2 	      0 	   7.73 
   89.916	   COOK	    66 	   2.91 	   19.2 	      0 	   7.73 
   90.021	  READY	    64 	   2.91 	   19.2 	      0 	   7.73 
   90.214	    ARR	    68 	   2.91 	   19.2 	      0 	   7.73 
   90.214	 TOPPING	    68 	   2.91 	   19.2 	      0 	   7.73 
   90.324	 DELIVER	    59 	  0.681 	   83.1 	      0 	   7.73 
   90.324	 FINISH	    61 	  0.681 	   83.1 	      0 	   7.73 
   90.566	   COOK	    67 	  0.681 	   83.1 	      0 	   7.73 
   90.930	 DELIVER	    60 	    1.9 	   11.7 	      0 	   7.73 
   90.930	 FINISH	    62 	    1.9 	   11.7 	      0 	   7.73 
   91.296	 DELIVER	    61 	   2.18 	   12.3 	      0 	   7.73 
   91.296	 FINISH	    63 	   2.18 	   12.3 	      0 	   7.73 
   92.303	   COOK	    68 	   2.18 	   12.3 	      0 	   7.73 
   92.521	 DELIVER	    62 	  0.801 	   12.4 	      0 	   7.73 
   92.521	 FINISH	    64 	  0.801 	   12.4 	      0 	   7.73 
   92.854	 DELIVER	    63 	   1.51 	   7.77 	      0 	   7.73 
   92.868	  READY	    65 	   1.51 	   7.77 	      0 	   7.73 
   92.868	 FINISH	    65 	   1.51 	   7.77 	      0 	   7.73 
   92.945	    ARR	    69 	   1.51 	   7.77 	      0 	   7.73 
   92.945	 TOPPING	    69 	   1.51 	   7.77 	      0 	   7.73 
   92.989	 DELIVER	    64 	  0.578 	   7.65 	      0 	   7.73 
   94.069	  READY	    66 	  0.578 	   7.65 	      0 	   7.73 
   94.069	 FINISH	    66 	  0.578 	   7.65 	      0 	   7.73 
   94.308	  READY	    67 	  0.578 	   7.65 	      0 	   7.73 
   94.862	 DELIVER	    65 	    1.3 	   7.98 	      0 	   7.73 
   94.862	 FINISH	    67 	    1.3 	   7.98 	      0 	   7.73 
   95.376	   COOK	    69 	    1.3 	   7.98 	      0 	   7.73 
   95.564	 DELIVER	    66 	    2.5 	   8.15 	      0 	   7.73 
   96.749	  READY	    68 	    2.5 	   8.15 	      0 	   7.73 
   96.749	 FINISH	    68 	    2.5 	   8.15 	      0 	   7.73 
   97.230	    ARR	    70 	    2.5 	   8.15 	      0 	   7.73 
   97.230	 TOPPING	    70 	    2.5 	   8.15 	      0 	   7.73 
   97.334	 DELIVER	    67 	      2 	   8.77 	      0 	   7.73 
   98.368	 DELIVER	    68 	   2.09 	   8.15 	      0 	   7.73 
   99.562	    ARR	    71 	   2.09 	   8.15 	      0 	   7.73 
   99.562	 TOPPING	    71 	   2.09 	   8.15 	      0 	   7.73 
   99.973	  READY	    69 	   2.09 	   8.15 	      0 	   7.73 
   99.973	 FINISH	    69 	   2.09 	   8.15 	      0 	   7.73 
  100.114	   COOK	    70 	   2.09 	   8.15 	      0 	   7.73 
  100.211	 DELIVER	    69 	   2.43 	   7.27 	      0 	   7.73 
  101.155	   COOK	    71 	   2.43 	   7.27 	      0 	   7.73 
  101.394	    ARR	    72 	   2.43 	   7.27 	      0 	   7.73 
  101.394	 TOPPING	    72 	   2.43 	   7.27 	      0 	   7.73 
  101.854	   COOK	    72 	   2.43 	   7.27 	      0 	   7.73 
  103.798	  READY	    70 	   2.43 	   7.27 	      0 	   7.73 
  103.798	 FINISH	    70 	   2.43 	   7.27 	      0 	   7.73 
  104.048	 DELIVER	    70 	   2.88 	   6.82 	      0 	   7.73 
  104.782	  READY	    71 	   2.88 	   6.82 	      0 	   7.73 
  104.782	 FINISH	    71 	   2.88 	   6.82 	      0 	   7.73 
  106.041	  READY	    72 	   2.88 	   6.82 	      0 	   7.73 
  106.041	 FINISH	    72 	   2.88 	   6.82 	      0 	   7.73 
  106.195	 DELIVER	    71 	   1.59 	   6.63 	      0 	   7.73 
  107.197	 DELIVER	    72 	   0.46 	    5.8 	      0 	   7.73 
  110.516	    ARR	    73 	   0.46 	    5.8 	      0 	   7.73 
  110.516	 TOPPING	    73 	   0.46 	    5.8 	      0 	   7.73 
  110.558	    ARR	    74 	   0.46 	    5.8 	      0 	   7.73 
  110.558	 TOPPING	    74 	   0.46 	    5.8 	      0 	   7.73 
  111.324	   COOK	    73 	   0.46 	    5.8 	      0 	   7.73 
  112.026	    ARR	    75 	   0.46 	    5.8 	      0 	   7.73 
  112.026	 TOPPING	    75 	   0.46 	    5.8 	      0 	   7.73 
  112.352	   COOK	    74 	   0.46 	    5.8 	      0 	   7.73 
  114.027	   COOK	    75 	   0.46 	    5.8 	      0 	   7.73 
  114.351	    ARR	    76 	   0.46 	    5.8 	      0 	   7.73 
  114.351	 TOPPING	    76 	   0.46 	    5.8 	      0 	   7.73 
  114.475	    ARR	    77 	   0.46 	    5.8 	      0 	   7.73 
  114.475	 TOPPING	    77 	   0.46 	    5.8 	      0 	   7.73 
  114.990	   COOK	    76 	   0.46 	    5.8 	      0 	   7.73 
  115.624	  READY	    73 	   0.46 	    5.8 	      0 	   7.73 
  115.624	 FINISH	    73 	   0.46 	    5.8 	      0 	   7.73 
  115.754	 DELIVER	    73 	   1.84 	   5.24 	      0 	   7.73 
  116.535	    ARR	    78 	   1.84 	   5.24 	      0 	   7.73 
  116.535	 TOPPING	    78 	   1.84 	   5.24 	      0 	   7.73 
  116.559	   COOK	    77 	   1.84 	   5.24 	      0 	   7.73 
  116.643	    ARR	    79 	   1.84 	   5.24 	      0 	   7.73 
  116.643	 TOPPING	    79 	   1.84 	   5.24 	      0 	   7.73 
  116.915	    ARR	    80 	   1.84 	   5.24 	      0 	   7.73 
  117.136	    ARR	    81 	   1.84 	   5.24 	      0 	   7.73 
  117.244	  READY	    74 	   1.84 	   5.24 	      0 	   7.73 
  117.244	 FINISH	    74 	   1.84 	   5.24 	      0 	   7.73 
  117.280	    ARR	    82 	   1.84 	   5.24 	      0 	   7.73 
  117.379	    ARR	    83 	   1.84 	   5.24 	      0 	   7.73 
  117.469	 DELIVER	    74 	  0.765 	   6.91 	      0 	   7.73 
  117.907	  READY	    75 	  0.765 	   6.91 	      0 	   7.73 
  117.907	 FINISH	    75 	  0.765 	   6.91 	      0 	   7.73 
  118.026	 DELIVER	    75 	      2 	      6 	      0 	   7.73 
  118.370	   COOK	    78 	      2 	      6 	      0 	   7.73 
  118.370	 TOPPING	    80 	      2 	      6 	      0 	   8.72 
  118.671	   COOK	    79 	      2 	      6 	      0 	   8.72 
  118.671	 TOPPING	    81 	      2 	      6 	      0 	   8.72 
  118.917	  READY	    76 	      2 	      6 	      0 	   8.72 
  118.917	 FINISH	    76 	      2 	      6 	      0 	   8.72 
  119.359	 DELIVER	    76 	  0.514 	   4.88 	      0 	   8.72 
  119.734	    ARR	    84 	  0.514 	   4.88 	      0 	   8.72 
  120.610	   COOK	    80 	  0.514 	   4.88 	      0 	   8.72 
  120.610	 TOPPING	    82 	  0.514 	   4.88 	      0 	   8.72 
  121.075	    ARR	    85 	  0.514 	   4.88 	      0 	   8.72 
  121.281	   COOK	    81 	  0.514 	   4.88 	      0 	   8.72 
  121.281	 TOPPING	    83 	  0.514 	   4.88 	      0 	   8.72 
  121.653	  READY	    77 	  0.514 	   4.88 	      0 	   8.72 
  121.653	 FINISH	    77 	  0.514 	   4.88 	      0 	   8.72 
  121.770	    ARR	    86 	  0.514 	   4.88 	      0 	   8.72 
  121.843	   COOK	    82 	  0.514 	   4.88 	      0 	   8.72 
  121.843	 TOPPING	    84 	  0.514 	   4.88 	      0 	   8.72 
  122.807	    ARR	    87 	  0.514 	   4.88 	      0 	   8.72 
  123.026	  READY	    78 	  0.514 	   4.88 	      0 	   8.72 
  123.026	 FINISH	    78 	  0.514 	   4.88 	      0 	   8.72 
  123.059	 DELIVER	    77 	   2.14 	   6.52 	      0 	   8.72 
  123.376	    ARR	    88 	   2.14 	   6.52 	      0 	   8.72 
  123.528	   COOK	    83 	   2.14 	   6.52 	      0 	   8.72 
  123.528	 TOPPING	    85 	   2.14 	   6.52 	      0 	   8.87 
  123.952	   COOK	    84 	   2.14 	   6.52 	      0 	   8.87 
  123.952	 TOPPING	    86 	   2.14 	   6.52 	      0 	   8.87 
  123.978	    ARR	    89 	   2.14 	   6.52 	      0 	   8.87 
  124.027	    ARR	    90 	   2.14 	   6.52 	      0 	   8.87 
  124.125	    ARR	    91 	   2.14 	   6.52 	      0 	   8.87 
  124.255	  READY	    79 	   2.14 	   6.52 	      0 	   8.87 
  124.255	 FINISH	    79 	   2.14 	   6.52 	      0 	   8.87 
  124.474	 DELIVER	    78 	   2.21 	   10.1 	      0 	   8.87 
  124.603	 DELIVER	    79 	   1.73 	   7.96 	      0 	   8.87 
  125.222	    ARR	    92 	   1.73 	   7.96 	      0 	   8.87 
  125.457	    ARR	    93 	   1.73 	   7.96 	      0 	   8.87 
  125.713	   COOK	    85 	   1.73 	   7.96 	      0 	   8.87 
  125.713	 TOPPING	    87 	   1.73 	   7.96 	      0 	   8.87 
  125.899	  READY	    80 	   1.73 	   7.96 	      0 	   8.87 
  125.899	 FINISH	    80 	   1.73 	   7.96 	      0 	   8.87 
  126.242	  READY	    81 	   1.73 	   7.96 	      0 	   8.87 
  126.242	 FINISH	    81 	   1.73 	   7.96 	      0 	   8.87 
  126.243	    ARR	    94 	   1.73 	   7.96 	      0 	   8.87 
  126.322	   COOK	    86 	   1.73 	   7.96 	      0 	   8.87 
  126.322	 TOPPING	    88 	   1.73 	   7.96 	      0 	   8.87 
  126.348	   COOK	    87 	   1.73 	   7.96 	      0 	   8.87 
  126.348	 TOPPING	    89 	   1.73 	   7.96 	      0 	   8.87 
  126.385	  READY	    82 	   1.73 	   7.96 	      0 	   8.87 
  126.462	 DELIVER	    80 	   1.94 	   9.33 	      0 	   8.87 
  126.462	 FINISH	    82 	   1.94 	   9.33 	      0 	   8.87 
  126.608	 DELIVER	    81 	   1.23 	   9.33 	      0 	   8.87 
  127.367	  READY	    83 	   1.23 	   9.33 	      0 	   8.87 
  127.367	 FINISH	    83 	   1.23 	   9.33 	      0 	   8.87 
  127.387	 DELIVER	    82 	   2.67 	     10 	      0 	   8.87 
  127.399	  READY	    84 	   2.67 	     10 	      0 	   8.87 
  127.399	 FINISH	    84 	   2.67 	     10 	      0 	   8.87 
  127.425	 DELIVER	    83 	   2.91 	   10.5 	      0 	   8.87 
  127.651	    ARR	    95 	   2.91 	   10.5 	      0 	   8.87 
  128.453	   COOK	    88 	   2.91 	   10.5 	      0 	   8.87 
  128.453	 TOPPING	    90 	   2.91 	   10.5 	      0 	   8.87 
  128.686	   COOK	    89 	   2.91 	   10.5 	      0 	   8.87 
  128.686	 TOPPING	    91 	   2.91 	   10.5 	      0 	   8.87 
  129.353	   COOK	    90 	   2.91 	   10.5 	      0 	   8.87 
  129.353	 TOPPING	    92 	   2.91 	   10.5 	      0 	   14.2 
  129.504	   COOK	    91 	   2.91 	   10.5 	      0 	   14.2 
  129.504	 TOPPING	    93 	   2.91 	   10.5 	      0 	   14.2 
  129.961	    ARR	    96 	   2.91 	   10.5 	      0 	   14.2 
  130.248	   COOK	    92 	   2.91 	   10.5 	      0 	   14.2 
  130.248	 TOPPING	    94 	   2.91 	   10.5 	      0 	   14.2 
  130.344	  READY	    85 	   2.91 	   10.5 	      0 	   14.2 
  130.344	 FINISH	    85 	   2.91 	   10.5 	      0 	   14.2 
  130.468	    ARR	    97 	   2.91 	   10.5 	      0 	   14.2 
  130.497	  READY	    86 	   2.91 	   10.5 	      0 	   14.2 
  130.717	   COOK	    93 	   2.91 	   10.5 	      0 	   14.2 
  130.717	 TOPPING	    95 	   2.91 	   10.5 	      0 	   14.2 
  130.824	  READY	    87 	   2.91 	   10.5 	      0 	   14.2 
  131.503	 DELIVER	    84 	  0.636 	    8.7 	      0 	   14.2 
  131.503	 FINISH	    86 	  0.636 	    8.7 	      0 	   14.2 
  131.715	    ARR	    98 	  0.636 	    8.7 	      0 	   14.2 
  131.738	   COOK	    94 	  0.636 	    8.7 	      0 	   14.2 
  131.738	 TOPPING	    96 	  0.636 	    8.7 	      0 	   14.2 
  132.050	   COOK	    95 	  0.636 	    8.7 	      0 	   14.2 
  132.050	 TOPPING	    97 	  0.636 	    8.7 	      0 	   14.2 
  132.175	 DELIVER	    85 	   1.76 	   10.4 	      0 	   14.2 
  132.175	 FINISH	    87 	   1.76 	   10.4 	      0 	   14.2 
  132.331	  READY	    88 	   1.76 	   10.4 	      0 	   14.2 
  132.463	    ARR	    99 	   1.76 	   10.4 	      0 	   14.2 
  132.528	    ARR	   100 	   1.76 	   10.4 	      0 	   14.2 
  132.679	  READY	    89 	   1.76 	   10.4 	      0 	   14.2 
  132.888	 DELIVER	    86 	   1.69 	   13.2 	      0 	   14.2 
  132.888	 FINISH	    88 	   1.69 	   13.2 	      0 	   14.2 
  132.993	    ARR	   101 	   1.69 	   13.2 	      0 	   14.2 
  133.036	    ARR	   102 	   1.69 	   13.2 	      0 	   14.2 
  133.152	  READY	    90 	   1.69 	   13.2 	      0 	   14.2 
  133.385	    ARR	   103 	   1.69 	   13.2 	      0 	   14.2 
  133.418	    ARR	   104 	   1.69 	   13.2 	      0 	   14.2 
  133.738	 DELIVER	    87 	  0.636 	    125 	      0 	   14.2 
  133.738	 FINISH	    89 	  0.636 	    125 	      0 	   14.2 
  133.766	 DELIVER	    88 	   2.13 	   10.4 	      0 	   14.2 
  133.766	 FINISH	    90 	   2.13 	   10.4 	      0 	   14.2 
  133.841	    ARR	   105 	   2.13 	   10.4 	      0 	   14.2 
  133.998	    ARR	   106 	   2.13 	   10.4 	      0 	   14.2 
  134.028	   COOK	    96 	   2.13 	   10.4 	      0 	   14.2 
  134.028	 TOPPING	    98 	   2.13 	   10.4 	      0 	   14.2 
  134.563	   COOK	    97 	   2.13 	   10.4 	      0 	   14.2 
  134.563	 TOPPING	    99 	   2.13 	   10.4 	  0.722 	   14.2 
  134.655	    ARR	   107 	   2.13 	   10.4 	  0.722 	   14.2 
  134.816	 DELIVER	    89 	   2.34 	   10.8 	  0.722 	   14.2 
  135.054	   COOK	    98 	   2.34 	   10.8 	  0.722 	   14.2 
  135.054	 TOPPING	   100 	   2.34 	   10.8 	   1.12 	   14.2 
  135.067	  READY	    91 	   2.34 	   10.8 	   1.12 	   14.2 
  135.067	 FINISH	    91 	   2.34 	   10.8 	   1.12 	   14.2 
  135.200	  READY	    92 	   2.34 	   10.8 	   1.12 	   14.2 
  135.223	  READY	    93 	   2.34 	   10.8 	   1.12 	   14.2 
  135.419	    ARR	   108 	   2.34 	   10.8 	   1.12 	   14.2 
  135.553	 DELIVER	    90 	   1.05 	   11.5 	   1.12 	   14.2 
  135.553	 FINISH	    92 	   1.05 	   11.5 	   1.12 	   14.2 
  135.844	  READY	    94 	   1.05 	   11.5 	   1.12 	   14.2 
  136.031	 DELIVER	    91 	  0.895 	   10.8 	   1.12 	   14.2 
  136.031	 FINISH	    93 	  0.895 	   10.8 	   1.12 	   14.2 
  136.175	   COOK	    99 	  0.895 	   10.8 	   1.12 	   14.2 
  136.175	 TOPPING	   101 	  0.895 	   10.8 	   1.88 	   14.2 
  136.486	  READY	    95 	  0.895 	   10.8 	   1.88 	   14.2 
  136.667	    ARR	   109 	  0.895 	   10.8 	   1.88 	   14.2 
  136.927	   COOK	   100 	  0.895 	   10.8 	   1.88 	   14.2 
  136.927	 TOPPING	   102 	  0.895 	   10.8 	   2.14 	   14.2 
  137.002	  READY	    96 	  0.895 	   10.8 	   2.14 	   14.2 
  137.145	 DELIVER	    92 	  0.667 	     13 	   2.14 	   14.2 
  137.145	 FINISH	    94 	  0.667 	     13 	   2.14 	   14.2 
  137.399	    ARR	   110 	  0.667 	     13 	   2.14 	   14.2 
  137.441	 DELIVER	    93 	   2.23 	     12 	   2.14 	   14.2 
  137.441	 FINISH	    95 	   2.23 	     12 	   2.14 	   14.2 
  137.590	   COOK	   101 	   2.23 	     12 	   2.14 	   14.2 
  137.590	 TOPPING	   103 	   2.23 	     12 	   2.33 	   14.2 
  138.214	   COOK	   102 	   2.23 	     12 	   2.33 	   14.2 
  138.214	 TOPPING	   104 	   2.23 	     12 	   2.33 	   14.2 
  138.270	 DELIVER	    94 	   1.33 	   10.6 	   2.33 	   14.2 
  138.270	 FINISH	    96 	   1.33 	   10.6 	   2.33 	   14.2 
  138.650	 DELIVER	    95 	   2.29 	   8.69 	   2.33 	   14.2 
  138.801	 DELIVER	    96 	  0.469 	   12.6 	   2.33 	   14.2 
  139.309	   COOK	   103 	  0.469 	   12.6 	   2.33 	   14.2 
  139.309	 TOPPING	   105 	  0.469 	   12.6 	   2.33 	   14.2 
  139.598	   COOK	   104 	  0.469 	   12.6 	   2.33 	   14.2 
  139.598	 TOPPING	   106 	  0.469 	   12.6 	   2.33 	   14.2 
  140.026	  READY	    97 	  0.469 	   12.6 	   2.33 	   14.2 
  140.026	 FINISH	    97 	  0.469 	   12.6 	   2.33 	   14.2 
  140.081	  READY	    98 	  0.469 	   12.6 	   2.33 	   14.2 
  140.081	 FINISH	    98 	  0.469 	   12.6 	   2.33 	   14.2 
  140.107	 DELIVER	    97 	   1.87 	   7.58 	   2.33 	   14.2 
  140.153	  READY	    99 	   1.87 	   7.58 	   2.33 	   14.2 
  140.153	 FINISH	    99 	   1.87 	   7.58 	   2.33 	   14.2 
  140.452	  READY	   100 	   1.87 	   7.58 	   2.33 	   14.2 
  140.880	    ARR	   111 	   1.87 	   7.58 	   2.33 	   14.2 
  140.942	 DELIVER	    98 	   2.51 	   10.5 	   2.33 	   14.2 
  140.942	 FINISH	   100 	   2.51 	   10.5 	   2.33 	   14.2 
  141.002	 DELIVER	    99 	   1.03 	   9.29 	   2.33 	   14.2 
  141.270	 DELIVER	   100 	   1.61 	   8.81 	   2.33 	   14.2 
  141.481	    ARR	   112 	   1.61 	   8.81 	   2.33 	   14.2 
  141.557	  READY	   101 	   1.61 	   8.81 	   2.33 	   14.2 
  141.557	 FINISH	   101 	   1.61 	   8.81 	   2.33 	   14.2 
  142.050	 DELIVER	   101 	   1.41 	   9.06 	   2.33 	   14.2 
  142.086	   COOK	   105 	   1.41 	   9.06 	   2.33 	   14.2 
  142.086	 TOPPING	   107 	   1.41 	   9.06 	   2.33 	   14.2 
  142.593	   COOK	   106 	   1.41 	   9.06 	   2.33 	   14.2 
  142.593	 TOPPING	   108 	   1.41 	   9.06 	   2.33 	   14.2 
  143.036	    ARR	   113 	   1.41 	   9.06 	   2.33 	   14.2 
  143.085	  READY	   102 	   1.41 	   9.06 	   2.33 	   14.2 
  143.085	 FINISH	   102 	   1.41 	   9.06 	   2.33 	   14.2 
  143.306	   COOK	   107 	   1.41 	   9.06 	   2.33 	   14.2 
  143.306	 TOPPING	   109 	   1.41 	   9.06 	   2.33 	   14.2 
  144.049	  READY	   103 	   1.41 	   9.06 	   2.33 	   14.2 
  144.049	 FINISH	   103 	   1.41 	   9.06 	   2.33 	   14.2 
  144.236	    ARR	   114 	   1.41 	   9.06 	   2.33 	   14.2 
  144.498	 DELIVER	   102 	   1.38 	   11.1 	   2.33 	   14.2 
  144.774	    ARR	   115 	   1.38 	   11.1 	   2.33 	   14.2 
  144.837	  READY	   104 	   1.38 	   11.1 	   2.33 	   14.2 
  144.837	 FINISH	   104 	   1.38 	   11.1 	   2.33 	   14.2 
  144.901	   COOK	   108 	   1.38 	   11.1 	   2.33 	   14.2 
  144.901	 TOPPING	   110 	   1.38 	   11.1 	   2.33 	   14.2 
  145.108	    ARR	   116 	   1.38 	   11.1 	   2.33 	   14.2 
  145.286	   COOK	   109 	   1.38 	   11.1 	   2.33 	   14.2 
  145.286	 TOPPING	   111 	   1.38 	   11.1 	   2.33 	   14.2 
  145.585	    ARR	   117 	   1.38 	   11.1 	   2.33 	   14.2 
  145.825	 DELIVER	   103 	  0.624 	   12.4 	   2.33 	   14.2 
  146.359	 DELIVER	   104 	   2.38 	   13.3 	   2.33 	   14.2 
  147.099	   COOK	   110 	   2.38 	   13.3 	   2.33 	   14.2 
  147.099	 TOPPING	   112 	   2.38 	   13.3 	   2.33 	   14.2 
  147.525	   COOK	   111 	   2.38 	   13.3 	   2.33 	   14.2 
  147.525	 TOPPING	   113 	   2.38 	   13.3 	   2.33 	   14.2 
  147.548	  READY	   105 	   2.38 	   13.3 	   2.33 	   14.2 
  147.548	 FINISH	   105 	   2.38 	   13.3 	   2.33 	   14.2 
  147.652	 DELIVER	   105 	   2.78 	   13.8 	   2.33 	   14.2 
  147.962	  READY	   106 	   2.78 	   13.8 	   2.33 	   14.2 
  147.962	 FINISH	   106 	   2.78 	   13.8 	   2.33 	   14.2 
  148.315	   COOK	   112 	   2.78 	   13.8 	   2.33 	   14.2 
  148.315	 TOPPING	   114 	   2.78 	   13.8 	   2.33 	   29.5 
  148.630	  READY	   107 	   2.78 	   13.8 	   2.33 	   29.5 
  148.630	 FINISH	   107 	   2.78 	   13.8 	   2.33 	   29.5 
  148.698	  READY	   108 	   2.78 	   13.8 	   2.33 	   29.5 
  149.426	 DELIVER	   106 	   1.22 	   14.8 	   2.33 	   29.5 
  149.426	 FINISH	   108 	   1.22 	   14.8 	   2.33 	   29.5 
  149.564	    ARR	   118 	   1.22 	   14.8 	   2.33 	   29.5 
  149.619	    ARR	   119 	   1.22 	   14.8 	   2.33 	   29.5 
  150.039	   COOK	   113 	   1.22 	   14.8 	   2.33 	   29.5 
  150.039	 TOPPING	   115 	   1.22 	   14.8 	   2.33 	   29.5 
  150.335	  READY	   109 	   1.22 	   14.8 	   2.33 	   29.5 
  150.500	 DELIVER	   107 	    1.6 	   13.8 	   2.33 	   29.5 
  150.500	 FINISH	   109 	    1.6 	   13.8 	   2.33 	   29.5 
  150.712	 DELIVER	   108 	   2.99 	   16.7 	   2.33 	   29.5 
  151.008	   COOK	   114 	   2.99 	   16.7 	   2.33 	   29.5 
  151.008	 TOPPING	   116 	   2.99 	   16.7 	   2.33 	     31 
  151.009	   COOK	   115 	   2.99 	   16.7 	   2.33 	     31 
  151.009	 TOPPING	   117 	   2.99 	   16.7 	   2.33 	     31 
  151.043	    ARR	   120 	   2.99 	   16.7 	   2.33 	     31 
  151.402	   COOK	   116 	   2.99 	   16.7 	   2.33 	     31 
  151.402	 TOPPING	   118 	   2.99 	   16.7 	   2.33 	     31 
  151.776	   COOK	   117 	   2.99 	   16.7 	   2.33 	     31 
  151.776	 TOPPING	   119 	   2.99 	   16.7 	   2.33 	     31 
  151.959	   COOK	   118 	   2.99 	   16.7 	   2.33 	     31 
  151.959	 TOPPING	   120 	   2.99 	   16.7 	   2.33 	     31 
  151.986	 DELIVER	   109 	   2.69 	   16.6 	   2.33 	     31 
  152.208	  READY	   110 	   2.69 	   16.6 	   2.33 	     31 
  152.208	 FINISH	   110 	   2.69 	   16.6 	   2.33 	     31 
  152.336	   COOK	   119 	   2.69 	   16.6 	   2.33 	     31 
  152.357	   COOK	   120 	   2.69 	   16.6 	   2.33 	     31 
  152.611	    ARR	   121 	   2.69 	   16.6 	   2.33 	     31 
  152.611	 TOPPING	   121 	   2.69 	   16.6 	   2.33 	     31 
  152.739	  READY	   111 	   2.69 	   16.6 	   2.33 	     31 
  152.739	 FINISH	   111 	   2.69 	   16.6 	   2.33 	     31 
  152.841	 DELIVER	   110 	    2.2 	   15.4 	   2.33 	     31 
  153.176	 DELIVER	   111 	   2.24 	   12.3 	   2.33 	     31 
  153.878	  READY	   112 	   2.24 	   12.3 	   2.33 	     31 
  153.878	 FINISH	   112 	   2.24 	   12.3 	   2.33 	     31 
  153.972	 DELIVER	   112 	   1.22 	   12.5 	   2.33 	     31 
  154.171	  READY	   113 	   1.22 	   12.5 	   2.33 	     31 
  154.171	 FINISH	   113 	   1.22 	   12.5 	   2.33 	     31 
  154.237	  READY	   114 	   1.22 	   12.5 	   2.33 	     31 
  154.237	 FINISH	   114 	   1.22 	   12.5 	   2.33 	     31 
  154.349	 DELIVER	   113 	   2.69 	   10.1 	   2.33 	     31 
  154.677	 DELIVER	   114 	   2.51 	   11.6 	   2.33 	     31 
  155.382	  READY	   115 	   2.51 	   11.6 	   2.33 	     31 
  155.382	 FINISH	   115 	   2.51 	   11.6 	   2.33 	     31 
  155.439	   COOK	   121 	   2.51 	   11.6 	   2.33 	     31 
  155.490	 DELIVER	   115 	  0.969 	   10.7 	   2.33 	     31 
  156.064	  READY	   116 	  0.969 	   10.7 	   2.33 	     31 
  156.064	 FINISH	   116 	  0.969 	   10.7 	   2.33 	     31 
  156.663	  READY	   117 	  0.969 	   10.7 	   2.33 	     31 
  156.663	 FINISH	   117 	  0.969 	   10.7 	   2.33 	     31 
  156.928	 DELIVER	   116 	   0.56 	   7.31 	   2.33 	     31 
  156.963	 DELIVER	   117 	  0.768 	   11.9 	   2.33 	     31 
  157.002	  READY	   118 	  0.768 	   11.9 	   2.33 	     31 
  157.002	 FINISH	   118 	  0.768 	   11.9 	   2.33 	     31 
  157.040	  READY	   119 	  0.768 	   11.9 	   2.33 	     31 
  157.040	 FINISH	   119 	  0.768 	   11.9 	   2.33 	     31 
  157.496	  READY	   120 	  0.768 	   11.9 	   2.33 	     31 
  158.157	 DELIVER	   118 	  0.393 	   12.6 	   2.33 	     31 
  158.157	 FINISH	   120 	  0.393 	   12.6 	   2.33 	     31 
  158.551	 DELIVER	   119 	  0.398 	   7.51 	   2.33 	     31 
  158.823	 DELIVER	   120 	  0.557 	   9.26 	   2.33 	     31 
  159.310	  READY	   121 	  0.557 	   9.26 	   2.33 	     31 
  159.310	 FINISH	   121 	  0.557 	   9.26 	   2.33 	     31 
  159.925	    ARR	   122 	  0.557 	   9.26 	   2.33 	     31 
  159.925	 TOPPING	   122 	  0.557 	   9.26 	   2.33 	     31 
  160.959	 DELIVER	   121 	   2.83 	   8.35 	   2.33 	     31 
  161.204	    ARR	   123 	   2.83 	   8.35 	   2.33 	     31 
  161.204	 TOPPING	   123 	   2.83 	   8.35 	   2.33 	     31 
  161.657	   COOK	   122 	   2.83 	   8.35 	   2.33 	     31 
  161.765	   COOK	   123 	   2.83 	   8.35 	   2.33 	     31 
  162.765	    ARR	   124 	   2.83 	   8.35 	   2.33 	     31 
  162.765	 TOPPING	   124 	   2.83 	   8.35 	   2.33 	     31 
  163.653	   COOK	   124 	   2.83 	   8.35 	   2.33 	     31 
  164.295	    ARR	   125 	   2.83 	   8.35 	   2.33 	     31 
  164.295	 TOPPING	   125 	   2.83 	   8.35 	   2.33 	     31 
  164.525	    ARR	   126 	   2.83 	   8.35 	   2.33 	     31 
  164.525	 TOPPING	   126 	   2.83 	   8.35 	   2.33 	     31 
  165.729	    ARR	   127 	   2.83 	   8.35 	   2.33 	     31 
  165.888	    ARR	   128 	   2.83 	   8.35 	   2.33 	     31 
  166.371	   COOK	   125 	   2.83 	   8.35 	   2.33 	     31 
  166.371	 TOPPING	   127 	   2.83 	   8.35 	   2.33 	     31 
  166.665	  READY	   122 	   2.83 	   8.35 	   2.33 	     31 
  166.665	 FINISH	   122 	   2.83 	   8.35 	   2.33 	     31 
  166.693	  READY	   123 	   2.83 	   8.35 	   2.33 	     31 
  166.693	 FINISH	   123 	   2.83 	   8.35 	   2.33 	     31 
  166.861	    ARR	   129 	   2.83 	   8.35 	   2.33 	     31 
  166.917	   COOK	   126 	   2.83 	   8.35 	   2.33 	     31 
  166.917	 TOPPING	   128 	   2.83 	   8.35 	   2.33 	     31 
  167.128	 DELIVER	   122 	  0.453 	   5.92 	   2.33 	     31 
  167.162	  READY	   124 	  0.453 	   5.92 	   2.33 	     31 
  167.162	 FINISH	   124 	  0.453 	   5.92 	   2.33 	     31 
  167.475	 DELIVER	   123 	   1.84 	   7.55 	   2.33 	     31 
  167.513	 DELIVER	   124 	  0.888 	   4.75 	   2.33 	     31 
  167.710	   COOK	   127 	  0.888 	   4.75 	   2.33 	     31 
  167.710	 TOPPING	   129 	  0.888 	   4.75 	   2.33 	     31 
  168.173	    ARR	   130 	  0.888 	   4.75 	   2.33 	     31 
  168.201	    ARR	   131 	  0.888 	   4.75 	   2.33 	     31 
  169.013	   COOK	   128 	  0.888 	   4.75 	   2.33 	     31 
  169.013	 TOPPING	   130 	  0.888 	   4.75 	   2.33 	     31 
  169.479	  READY	   125 	  0.888 	   4.75 	   2.33 	     31 
  169.479	 FINISH	   125 	  0.888 	   4.75 	   2.33 	     31 
  169.587	   COOK	   129 	  0.888 	   4.75 	   2.33 	     31 
  169.587	 TOPPING	   131 	  0.888 	   4.75 	   2.33 	     31 
  170.211	 DELIVER	   125 	   2.08 	   5.92 	   2.33 	     31 
  170.665	   COOK	   130 	   2.08 	   5.92 	   2.33 	     31 
  170.787	   COOK	   131 	   2.08 	   5.92 	   2.33 	     31 
  171.314	  READY	   126 	   2.08 	   5.92 	   2.33 	     31 
  171.314	 FINISH	   126 	   2.08 	   5.92 	   2.33 	     31 
  171.919	    ARR	   132 	   2.08 	   5.92 	   2.33 	     31 
  171.919	 TOPPING	   132 	   2.08 	   5.92 	   2.33 	     31 
  172.182	  READY	   127 	   2.08 	   5.92 	   2.33 	     31 
  172.182	 FINISH	   127 	   2.08 	   5.92 	   2.33 	     31 
  172.355	 DELIVER	   126 	   2.39 	   7.83 	   2.33 	     31 
  172.622	 DELIVER	   127 	  0.793 	   6.73 	   2.33 	     31 
  174.186	   COOK	   132 	  0.793 	   6.73 	   2.33 	     31 
  174.420	  READY	   128 	  0.793 	   6.73 	   2.33 	     31 
  174.420	 FINISH	   128 	  0.793 	   6.73 	   2.33 	     31 
  174.433	  READY	   129 	  0.793 	   6.73 	   2.33 	     31 
  174.433	 FINISH	   129 	  0.793 	   6.73 	   2.33 	     31 
  174.436	 DELIVER	   128 	   1.88 	   7.58 	   2.33 	     31 
  174.631	  READY	   130 	   1.88 	   7.58 	   2.33 	     31 
  174.631	 FINISH	   130 	   1.88 	   7.58 	   2.33 	     31 
  174.920	 DELIVER	   129 	   2.64 	   9.19 	   2.33 	     31 
  175.653	 DELIVER	   130 	   1.77 	   7.48 	   2.33 	     31 
  176.380	  READY	   131 	   1.77 	   7.48 	   2.33 	     31 
  176.380	 FINISH	   131 	   1.77 	   7.48 	   2.33 	     31 
  177.706	  READY	   132 	   1.77 	   7.48 	   2.33 	     31 
  177.706	 FINISH	   132 	   1.77 	   7.48 	   2.33 	     31 
  178.721	 DELIVER	   131 	   2.27 	    6.8 	   2.33 	     31 
  179.178	 DELIVER	   132 	   1.08 	     11 	   2.33 	     31 
  180.000	   STOP	     1 	   1.08 	     11 	   2.33 	     31 
SUMMARY STATISTICS
SERVICE[ID[7]]:
 Time Ave. = 	  1.501 Time Sample Var. =	 0.5768
 Event Ave. =	  1.667 Event Sample Var. =	 0.6034
 Minimum =	0.06753
 Maximum =	  2.995
SYSTEM[ID[7]]:
 Time Ave. = 	   9.12 Time Sample Var. =	   25.1
 Event Ave. =	  9.454 Event Sample Var. =	   64.6
 Minimum =	0.06753
 Maximum =	    125
RATIO[0]:
 Time Ave. = 	  1.012 Time Sample Var. =	  1.319
 Event Ave. =	 0.6261 Event Sample Var. =	  1.031
 Minimum =	      0
 Maximum =	  2.327
RATIO[3]:
 Time Ave. = 	  14.98 Time Sample Var. =	  172.4
 Event Ave. =	  10.42 Event Sample Var. =	  106.7
 Minimum =	      0
 Maximum =	  30.96
